3.254351615905761719e-01
2.645529508590698242e-01
2.062760144472122192e-01
1.513143777847290039e-01
1.121966913342475891e-01
9.283331036567687988e-02
8.374345302581787109e-02
7.426066696643829346e-02
6.297844648361206055e-02
5.461573973298072815e-02
5.004037171602249146e-02
4.732907935976982117e-02
4.508119821548461914e-02
4.221933335065841675e-02
3.859245032072067261e-02
3.512672334909439087e-02
3.257132694125175476e-02
3.093946725130081177e-02
2.977585420012474060e-02
2.870975807309150696e-02
2.758120000362396240e-02
2.642599493265151978e-02
2.539200708270072937e-02
2.453504130244255066e-02
2.382405102252960205e-02
2.321418747305870056e-02
2.268105931580066681e-02
2.221032232046127319e-02
2.175765484571456909e-02
2.130728401243686676e-02
2.092431299388408661e-02
2.061994373798370361e-02
2.030372247099876404e-02
1.993506029248237610e-02
1.955611817538738251e-02
1.921363547444343567e-02
1.893806830048561096e-02
1.872137933969497681e-02
1.849897578358650208e-02
1.822705566883087158e-02
1.793751306831836700e-02
1.768159493803977966e-02
1.747316494584083557e-02
1.728792488574981689e-02
1.709865033626556396e-02
1.690216362476348877e-02
1.670703850686550140e-02
1.651785895228385925e-02
1.633754000067710876e-02
1.617206819355487823e-02
1.601797714829444885e-02
1.585937291383743286e-02
1.569894328713417053e-02
1.555128395557403564e-02
1.541230455040931702e-02
1.527647208422422409e-02
1.514589320868253708e-02
1.501768734306097031e-02
1.488968916237354279e-02
1.476133521646261215e-02
1.463478431105613708e-02
1.451682951301336288e-02
1.440632157027721405e-02
1.429483015090227127e-02
1.417961996048688889e-02
1.406510267406702042e-02
1.395565085113048553e-02
1.385094784200191498e-02
1.374795380979776382e-02
1.364580728113651276e-02
1.354605425149202347e-02
1.344768330454826355e-02
1.334952097386121750e-02
1.325271092355251312e-02
1.315824594348669052e-02
1.306595094501972198e-02
1.297421567142009735e-02
1.288224384188652039e-02
1.279107760637998581e-02
1.270218193531036377e-02
1.261486858129501343e-02
1.252836640924215317e-02
1.244250684976577759e-02
1.235664635896682739e-02
1.227178797125816345e-02
1.218868046998977661e-02
1.210679579526185989e-02
1.202510390430688858e-02
1.194376498460769653e-02
1.186326704919338226e-02
1.178348995745182037e-02
1.170435268431901932e-02
1.162589062005281448e-02
1.154810842126607895e-02
1.147079560905694962e-02
1.139404252171516418e-02
1.131770946085453033e-02
1.124167162925004959e-02
1.116606593132019043e-02
1.109096501022577286e-02
1.101619470864534378e-02
1.094172149896621704e-02
1.086768414825201035e-02
1.079409942030906677e-02
1.072086207568645477e-02
1.064793579280376434e-02
1.057533454149961472e-02
1.050317473709583282e-02
1.043142937123775482e-02
1.036005001515150070e-02
1.028903853148221970e-02
1.021834462881088257e-02
1.014801207929849625e-02
1.007806416600942612e-02
1.000847388058900833e-02
9.939201176166534424e-03
9.870244190096855164e-03
9.801564738154411316e-03
9.733153507113456726e-03
9.665029123425483704e-03
9.597159922122955322e-03
9.529512375593185425e-03
9.462090209126472473e-03
9.394891560077667236e-03
9.327865205705165863e-03
9.261007420718669891e-03
9.194316342473030090e-03
9.127776138484477997e-03
9.061372838914394379e-03
8.995116688311100006e-03
8.929015137255191803e-03
8.863072842359542847e-03
8.797316811978816986e-03
8.731769397854804993e-03
8.666465058922767639e-03
8.601421490311622620e-03
8.536659181118011475e-03
8.472201414406299591e-03
8.408051915466785431e-03
8.344204165041446686e-03
8.280656300485134125e-03
8.217392489314079285e-03
8.154392242431640625e-03
8.091647177934646606e-03
8.029150776565074921e-03
7.966889999806880951e-03
7.904861122369766235e-03
7.843064144253730774e-03
7.781499065458774567e-03
7.720166817307472229e-03
7.659069262444972992e-03
7.598208263516426086e-03
7.537591271102428436e-03
7.477226667106151581e-03
7.417123764753341675e-03
7.357294671237468719e-03
7.297749631106853485e-03
7.238499820232391357e-03
7.179558742791414261e-03
7.120938040316104889e-03
7.062647026032209396e-03
7.004698272794485092e-03
6.947102956473827362e-03
6.889870855957269669e-03
6.833014078438282013e-03
6.776541005820035934e-03
6.720463745296001434e-03
6.664791610091924667e-03
6.609534379094839096e-03
6.554701831191778183e-03
6.500304676592350006e-03
6.446352228522300720e-03
6.392852403223514557e-03
6.339814048260450363e-03
6.287242751568555832e-03
6.235143169760704041e-03
6.183520890772342682e-03
6.132376845926046371e-03
6.081712897866964340e-03
6.031529046595096588e-03
5.981822498142719269e-03
5.932590924203395844e-03
5.883831065148115158e-03
5.835536401718854904e-03
5.787701345980167389e-03
5.740316584706306458e-03
5.693374667316675186e-03
5.646863020956516266e-03
5.600770935416221619e-03
5.555085372179746628e-03
5.509792361408472061e-03
5.464877933263778687e-03
5.420326720923185349e-03
5.376122891902923584e-03
5.332251079380512238e-03
5.288696847856044769e-03
5.245444830507040024e-03
5.202481057494878769e-03
5.159792955964803696e-03
5.117370747029781342e-03
5.075202323496341705e-03
5.033280700445175171e-03
4.991603083908557892e-03
4.950163420289754868e-03
4.908963572233915329e-03
4.868004005402326584e-03
4.827288910746574402e-03
4.786820150911808014e-03
4.746603779494762421e-03
4.706639796495437622e-03
4.666933789849281311e-03
4.627489484846591949e-03
4.588315263390541077e-03
4.549419973045587540e-03
4.510815721005201340e-03
4.472514614462852478e-03
4.434525035321712494e-03
4.396855831146240234e-03
4.359509795904159546e-03
4.322490654885768890e-03
4.285798873752355576e-03
4.249436780810356140e-03
4.213408567011356354e-03
4.177715163677930832e-03
4.142360761761665344e-03
4.107348155230283737e-03
4.072678275406360626e-03
4.038354847580194473e-03
4.004378803074359894e-03
3.970754332840442657e-03
3.937483299523591995e-03
3.904569894075393677e-03
3.872018307447433472e-03
3.839837852865457535e-03
3.808047855272889137e-03
3.776706289499998093e-03
3.745981259271502495e-03
3.716374281793832779e-03
3.689498640596866608e-03
3.670015605166554451e-03
3.673786530271172523e-03
3.730988828465342522e-03
3.919183276593685150e-03
4.032251425087451935e-03
3.875649534165859222e-03
3.594310954213142395e-03
3.530388232320547104e-03
3.613204229623079300e-03
3.540054429322481155e-03
3.431700170040130615e-03
3.465235233306884766e-03
3.414018778130412102e-03
3.357997629791498184e-03
3.350122133269906044e-03
3.318686503916978836e-03
3.276226110756397247e-03
3.258120967075228691e-03
3.233929630368947983e-03
3.191379364579916000e-03
3.182837739586830139e-03
3.145069349557161331e-03
3.123159054666757584e-03
3.104099538177251816e-03
3.070573555305600166e-03
3.059568349272012711e-03
3.025458659976720810e-03
3.012152854353189468e-03
2.985537517815828323e-03
2.964669605717062950e-03
2.947005908936262131e-03
2.921989653259515762e-03
2.905048662796616554e-03
2.884763525798916817e-03
2.863424364477396011e-03
2.846379298716783524e-03
2.827271819114685059e-03
2.806253498420119286e-03
2.792282029986381531e-03
2.770144725218415260e-03
2.754705259576439857e-03
2.737354952841997147e-03
2.718397183343768120e-03
2.703610807657241821e-03
2.685044892132282257e-03
2.669848501682281494e-03
2.652590628713369370e-03
2.637196332216262817e-03
2.621186664327979088e-03
2.605123445391654968e-03
2.590487943962216377e-03
2.574472688138484955e-03
2.559938933700323105e-03
2.544787246733903885e-03
2.530381781980395317e-03
2.515669213607907295e-03
2.501373644918203354e-03
2.487554214894771576e-03
2.473079133778810501e-03
2.459713723510503769e-03
2.445879392325878143e-03
2.432447392493486404e-03
2.419120632112026215e-03
2.405942184850573540e-03
2.393055940046906471e-03
2.379946410655975342e-03
2.367451321333646774e-03
2.354807453230023384e-03
2.342278603464365005e-03
2.330112736672163010e-03
2.317855134606361389e-03
2.305867616087198257e-03
2.293940167874097824e-03
2.282150322571396828e-03
2.270555822178721428e-03
2.258956199511885643e-03
2.247587079182267189e-03
2.236295957118272781e-03
2.225105185061693192e-03
2.214083913713693619e-03
2.203077077865600586e-03
2.192299347370862961e-03
2.181563526391983032e-03
2.170902444049715996e-03
2.160434843972325325e-03
2.150004496797919273e-03
2.139693126082420349e-03
2.129489555954933167e-03
2.119364682585000992e-03
2.109368331730365753e-03
2.099438104778528214e-03
2.089605666697025299e-03
2.079884987324476242e-03
2.070231363177299500e-03
2.060684142634272575e-03
2.051223069429397583e-03
2.041833475232124329e-03
2.032554242759943008e-03
2.023349516093730927e-03
2.014220692217350006e-03
2.005188725888729095e-03
1.996229868382215500e-03
1.987356692552566528e-03
1.978565705940127373e-03
1.969845499843358994e-03
1.961210509762167931e-03
1.952653634361922741e-03
1.944169169291853905e-03
1.935763051733374596e-03
1.927430508658289909e-03
1.919170957989990711e-03
1.910985331051051617e-03
1.902871998026967049e-03
1.894829678349196911e-03
1.886855810880661011e-03
1.878950977697968483e-03
1.871116342954337597e-03
1.863347715698182583e-03
1.855645328760147095e-03
1.848009182140231133e-03
1.840436598286032677e-03
1.832927810028195381e-03
1.825482118874788284e-03
1.818097662180662155e-03
1.810774556361138821e-03
1.803511520847678185e-03
1.796307158656418324e-03
1.789161004126071930e-03
1.782072940841317177e-03
1.775040756911039352e-03
1.768064452335238457e-03
1.761143095791339874e-03
1.754275755956768990e-03
1.747461501508951187e-03
1.740699633955955505e-03
1.733989454805850983e-03
1.727330032736063004e-03
1.720720902085304260e-03
1.714161247946321964e-03
1.707650255411863327e-03
1.701187109574675560e-03
1.694771461188793182e-03
1.688402844592928886e-03
1.682080677710473537e-03
1.675803679972887039e-03
1.669572433456778526e-03
1.663385424762964249e-03
1.657242188230156898e-03
1.651143189519643784e-03
1.645087031647562981e-03
1.639073016121983528e-03
1.633101142942905426e-03
1.627170480787754059e-03
1.621280447579920292e-03
1.615430694073438644e-03
1.609620172530412674e-03
1.603848300874233246e-03
1.598115079104900360e-03
1.592418760992586613e-03
1.586759695783257484e-03
1.581137068569660187e-03
1.575549598783254623e-03
1.569997519254684448e-03
1.564479898661375046e-03
1.558996271342039108e-03
1.553545938804745674e-03
1.548128435388207436e-03
1.542743877507746220e-03
1.537391450256109238e-03
1.532071852125227451e-03
1.526786247268319130e-03
1.521536847576498985e-03
1.516330405138432980e-03
1.511182286776602268e-03
1.506126369349658489e-03
1.501238672062754631e-03
1.496700453571975231e-03
1.492903102189302444e-03
1.490838127210736275e-03
1.492414390668272972e-03
1.502641942352056503e-03
1.526613254100084305e-03
1.575988950207829475e-03
1.616215566173195839e-03
1.626404351554811001e-03
1.541159814223647118e-03
1.464925939217209816e-03
1.466023153625428677e-03
1.501457882113754749e-03
1.494653522968292236e-03
1.450672862119972706e-03
1.434273319318890572e-03
1.456256839446723461e-03
1.453492324799299240e-03
1.419711043126881123e-03
1.415911130607128143e-03
1.429855357855558395e-03
1.413606107234954834e-03
1.394336693920195103e-03
1.401157584041357040e-03
1.399814733304083347e-03
1.382903661578893661e-03
1.379205612465739250e-03
1.380607718601822853e-03
1.371623249724507332e-03
1.363657764159142971e-03
1.361589995212852955e-03
1.357604865916073322e-03
1.350953243672847748e-03
1.345617347396910191e-03
1.342262257821857929e-03
1.337802968919277191e-03
1.331800362095236778e-03
1.327573321759700775e-03
1.324021606706082821e-03
1.318507245741784573e-03
1.313800690695643425e-03
1.310517429374158382e-03
1.305622281506657600e-03
1.300436095334589481e-03
1.297046896070241928e-03
1.293114735744893551e-03
1.287863007746636868e-03
1.283627585507929325e-03
1.280217315070331097e-03
1.275852322578430176e-03
1.271115383133292198e-03
1.267118030227720737e-03
1.263398793525993824e-03
1.259270007722079754e-03
1.254837028682231903e-03
1.250739907845854759e-03
1.247052336111664772e-03
1.243087928742170334e-03
1.238769036717712879e-03
1.234754221513867378e-03
1.231056987307965755e-03
1.227139611728489399e-03
1.223008963279426098e-03
1.219083787873387337e-03
1.215338241308927536e-03
1.211471972055733204e-03
1.207522931508719921e-03
1.203674124553799629e-03
1.199902035295963287e-03
1.196120399981737137e-03
1.192308031022548676e-03
1.188509166240692139e-03
1.184794586151838303e-03
1.181136583909392357e-03
1.177451573312282562e-03
1.173790660686790943e-03
1.170249190181493759e-03
1.166850328445434570e-03
1.163535634987056255e-03
1.160420943051576614e-03
1.157513004727661610e-03
1.155059202574193478e-03
1.152722979895770550e-03
1.150884432718157768e-03
1.148337963968515396e-03
1.145552843809127808e-03
1.140958978794515133e-03
1.135725993663072586e-03
1.130118034780025482e-03
1.125187845900654793e-03
1.121046021580696106e-03
1.117178588174283504e-03
1.113344449549913406e-03
1.109752804040908813e-03
1.106754993088543415e-03
1.104135881178081036e-03
1.101265545003116131e-03
1.097741303965449333e-03
1.093709375709295273e-03
1.089693279936909676e-03
1.085931551642715931e-03
1.082339789718389511e-03
1.078766770660877228e-03
1.075245672836899757e-03
1.071932027116417885e-03
1.068854006007313728e-03
1.065858174115419388e-03
1.062774797901511192e-03
1.059570116922259331e-03
1.056337263435125351e-03
1.053155516274273396e-03
1.050009974278509617e-03
1.046836376190185547e-03
1.043614232912659645e-03
1.040387200191617012e-03
1.037233276292681694e-03
1.034166431054472923e-03
1.031187828630208969e-03
1.028259983286261559e-03
1.025439123623073101e-03
1.022759126499295235e-03
1.020378549583256245e-03
1.018320210278034210e-03
1.016864320263266563e-03
1.015993067994713783e-03
1.016331370919942856e-03
1.017671194858849049e-03
1.021041767671704292e-03
1.025254721753299236e-03
1.030817045830190182e-03
1.034461194649338722e-03
1.034280750900506973e-03
1.028048573061823845e-03
1.014676876366138458e-03
9.994306601583957672e-04
9.863008745014667511e-04
9.795414516702294350e-04
9.779538959264755249e-04
9.773969650268554688e-04
9.743435075506567955e-04
9.681158699095249176e-04
9.624371887184679508e-04
9.598658652976155281e-04
9.597158641554415226e-04
9.584851213730871677e-04
9.536553407087922096e-04
9.467148920521140099e-04
9.409583872184157372e-04
9.384360746480524540e-04
9.379963157698512077e-04
9.369344334118068218e-04
9.338956442661583424e-04
9.295723284594714642e-04
9.255683980882167816e-04
9.226195397786796093e-04
9.202097426168620586e-04
9.175355662591755390e-04
9.143301867879927158e-04
9.110156679525971413e-04
9.081045864149928093e-04
9.056816925294697285e-04
9.034470422193408012e-04
9.010171634145081043e-04
8.982699946500360966e-04
8.953307406045496464e-04
8.923915447667241096e-04
8.895645150914788246e-04
8.868132717907428741e-04
8.840750670060515404e-04
8.813292952254414558e-04
8.786260150372982025e-04
8.760129567235708237e-04
8.734833681955933571e-04
8.709910325706005096e-04
8.684690692462027073e-04
8.659064769744873047e-04
8.633113466203212738e-04
8.607308263890445232e-04
8.581998990848660469e-04
8.557371329516172409e-04
8.533424697816371918e-04
8.510003099218010902e-04
8.487036102451384068e-04
8.464497514069080353e-04
8.442825637757778168e-04
8.422450628131628036e-04
8.404704858548939228e-04
8.390560979023575783e-04
8.383169770240783691e-04
8.384222164750099182e-04
8.401660015806555748e-04
8.435038616880774498e-04
8.501150296069681644e-04
8.571940707042813301e-04
8.663774933665990829e-04
8.665360510349273682e-04
8.603860624134540558e-04
8.456641808152198792e-04
8.323196088895201683e-04
8.236219873651862144e-04
8.150729117915034294e-04
8.087119786068797112e-04
8.074178476817905903e-04
8.089925395324826241e-04
8.082083659246563911e-04
8.043368579819798470e-04
7.995609194040298462e-04
7.938994094729423523e-04
7.892358116805553436e-04
7.870901608839631081e-04
7.860760670155286789e-04
7.846791995689272881e-04
7.824427448213100433e-04
7.789846276864409447e-04
7.751578232273459435e-04
7.722259033471345901e-04
7.696895627304911613e-04
7.672786014154553413e-04
7.654976798221468925e-04
7.639315444976091385e-04
7.617927622050046921e-04
7.590525783598423004e-04
7.561435922980308533e-04
7.533369353041052818e-04
7.509859278798103333e-04
7.492243894375860691e-04
7.476001046597957611e-04
7.457748870365321636e-04
7.438715547323226929e-04
7.420573383569717407e-04
7.403619820252060890e-04
7.392964325845241547e-04
7.388901431113481522e-04
7.399241439998149872e-04
7.419292232953011990e-04
7.465138332918286324e-04
7.503561209887266159e-04
7.552515016868710518e-04
7.525573018938302994e-04
7.463424699380993843e-04
7.333122193813323975e-04
7.221909472718834877e-04
7.167157018557190895e-04
7.163077243603765965e-04
7.165781571529805660e-04
7.138188811950385571e-04
7.097573252394795418e-04
7.067937985993921757e-04
7.050330168567597866e-04
7.027983083389699459e-04
6.995043368078768253e-04
6.966879591345787048e-04
6.953658885322511196e-04
6.945529021322727203e-04
6.926477653905749321e-04
6.893355748616158962e-04
6.859051063656806946e-04
6.834457744844257832e-04
6.817539106123149395e-04
6.800082046538591385e-04
6.778285605832934380e-04
6.755859940312802792e-04
6.736846407875418663e-04
6.720357341691851616e-04
6.702909013256430626e-04
6.683971150778234005e-04
6.667264970019459724e-04
6.658218335360288620e-04
6.658406928181648254e-04
6.669945432804524899e-04
6.695651682093739510e-04
6.747476290911436081e-04
6.836665561422705650e-04
6.976543809287250042e-04
7.145100389607250690e-04
7.298943819478154182e-04
7.318526040762662888e-04
7.146400748752057552e-04
6.838316330686211586e-04
6.570505793206393719e-04
6.486336933448910713e-04
6.555952131748199463e-04
6.641099462285637856e-04
6.618643528781831264e-04
6.494890549220144749e-04
6.371799390763044357e-04
6.340645486488938332e-04
6.384236621670424938e-04
6.405903841368854046e-04
6.351142656058073044e-04
6.266289856284856796e-04
6.231283769011497498e-04
6.248315330594778061e-04
6.254934705793857574e-04
6.215050816535949707e-04
6.158420001156628132e-04
6.130507099442183971e-04
6.130971014499664307e-04
6.127332453615963459e-04
6.102125626057386398e-04
6.067306385375559330e-04
6.042990135028958321e-04
6.030751974321901798e-04
6.019170396029949188e-04
6.000779685564339161e-04
5.978008848614990711e-04
5.957499379292130470e-04
5.939860129728913307e-04
5.922926939092576504e-04
5.905487341806292534e-04
5.888525047339498997e-04
5.872242618352174759e-04
5.854631890542805195e-04
5.835638148710131645e-04
5.817591445520520210e-04
5.802478408440947533e-04
5.788679700344800949e-04
5.772815784439444542e-04
5.754252197220921516e-04
5.735513404943048954e-04
5.719321779906749725e-04
5.705440999008715153e-04
5.691550904884934425e-04
5.676037399098277092e-04
5.659201997332274914e-04
5.642779869958758354e-04
5.627899081446230412e-04
5.614762194454669952e-04
5.602844757959246635e-04
5.592163070105016232e-04
5.583476158790290356e-04
5.578879499807953835e-04
5.580920260399580002e-04
5.594368558377027512e-04
5.624323384836316109e-04
5.681818001903593540e-04
5.770489806309342384e-04
5.903753917664289474e-04
6.045955233275890350e-04
6.183796795085072517e-04
6.198586197569966316e-04
6.109582027420401573e-04
5.899976240471005440e-04
5.725890514440834522e-04
5.626739002764225006e-04
5.607820930890738964e-04
5.571416113525629044e-04
5.491457995958626270e-04
5.416984786279499531e-04
5.400464870035648346e-04
5.431205499917268753e-04
5.435512866824865341e-04
5.383555544540286064e-04
5.302372737787663937e-04
5.254405550658702850e-04
5.258544115349650383e-04
5.275736330077052116e-04
5.266621010378003120e-04
5.222660256549715996e-04
5.176794948056340218e-04
5.154785467311739922e-04
5.152344820089638233e-04
5.149705684743821621e-04
5.131218931637704372e-04
5.103381117805838585e-04
5.078443791717290878e-04
5.062879063189029694e-04
5.053400527685880661e-04
5.041960394009947777e-04
5.025784485042095184e-04
5.006394349038600922e-04
4.988207947462797165e-04
4.973332397639751434e-04
4.961044760420918465e-04
4.948988789692521095e-04
4.934826283715665340e-04
4.918536869809031487e-04
4.901806823909282684e-04
4.887045361101627350e-04
4.874710575677454472e-04
4.863323119934648275e-04
4.850794211961328983e-04
4.836170701310038567e-04
4.820436588488519192e-04
4.805160860996693373e-04
4.791596438735723495e-04
4.779579758178442717e-04
4.767987993545830250e-04
4.755745758302509785e-04
4.742535529658198357e-04
4.728839849121868610e-04
4.715285613201558590e-04
4.702273872680962086e-04
4.689861380029469728e-04
4.677717806771397591e-04
4.665759915951639414e-04
4.653724608942866325e-04
4.642202402465045452e-04
4.630965413525700569e-04
4.621623666025698185e-04
4.612707998603582382e-04
4.607853188645094633e-04
4.600569372996687889e-04
4.597797524183988571e-04
4.583606496453285217e-04
4.569232114590704441e-04
4.547507269307971001e-04
4.530660808086395264e-04
4.520401707850396633e-04
4.513525054790079594e-04
4.506330005824565887e-04
4.498970811255276203e-04
4.494997265283018351e-04
4.497678310144692659e-04
4.510184517130255699e-04
4.541168455034494400e-04
4.597910447046160698e-04
4.696244723163545132e-04
4.805533098988234997e-04
4.918576451018452644e-04
4.988005384802818298e-04
5.020412500016391277e-04
5.005857674404978752e-04
4.907777183689177036e-04
4.788496880792081356e-04
4.725614271592348814e-04
4.748165956698358059e-04
4.809093661606311798e-04
4.725521430373191833e-04
4.535719635896384716e-04
4.387838125694543123e-04
4.396527656354010105e-04
4.461162898223847151e-04
4.434726433828473091e-04
4.332200915087014437e-04
4.281088477000594139e-04
4.302444867789745331e-04
4.305732436478137970e-04
4.254834493622183800e-04
4.201011615805327892e-04
4.193681525066494942e-04
4.211429913993924856e-04
4.199057584628462791e-04
4.153460322413593531e-04
4.120319499634206295e-04
4.116305499337613583e-04
4.116054624319076538e-04
4.098686622455716133e-04
4.071699804626405239e-04
4.055066674482077360e-04
4.050131246913224459e-04
4.042828804813325405e-04
4.027187824249267578e-04
4.005535156466066837e-04
3.987627860624343157e-04
3.979296598117798567e-04
3.973146667703986168e-04
3.961154725402593613e-04
3.944875206798315048e-04
3.932141989935189486e-04
3.923507756553590298e-04
3.913458494935184717e-04
3.899424336850643158e-04
3.883973113261163235e-04
3.871438093483448029e-04
3.862624871544539928e-04
3.854576498270034790e-04
3.844397142529487610e-04
3.831886569969356060e-04
3.819241537712514400e-04
3.808559558819979429e-04
3.799037949647754431e-04
3.788671165239065886e-04
3.777098609134554863e-04
3.765639849007129669e-04
3.755102516151964664e-04
3.745071589946746826e-04
3.734808997251093388e-04
3.724300186149775982e-04
3.714009362738579512e-04
3.704332048073410988e-04
3.695035702548921108e-04
3.685897099785506725e-04
3.676879859995096922e-04
3.668894059956073761e-04
3.662310482468456030e-04
3.658596542663872242e-04
3.657638153526932001e-04
3.663551760837435722e-04
3.675545740406960249e-04
3.702747635543346405e-04
3.737458609975874424e-04
3.791696217376738787e-04
3.845710889436304569e-04
3.904682816937565804e-04
3.933630359824746847e-04
3.948341181967407465e-04
3.907792270183563232e-04
3.849771746899932623e-04
3.755086800083518028e-04
3.674360341392457485e-04
3.625610261224210262e-04
3.622400690801441669e-04
3.643790259957313538e-04
3.657917841337621212e-04
3.651870647445321083e-04
3.630285209510475397e-04
3.607789112720638514e-04
3.593328874558210373e-04
3.585096565075218678e-04
3.562769852578639984e-04
3.528219240251928568e-04
3.494622942525893450e-04
3.463124448899179697e-04
3.440493310336023569e-04
3.417566767893731594e-04
3.394946688786149025e-04
3.377946850378066301e-04
3.369088517501950264e-04
3.367973258718848228e-04
3.365045995451509953e-04
3.354139626026153564e-04
3.334594657644629478e-04
3.313979832455515862e-04
3.300888929516077042e-04
3.294826310593634844e-04
3.289641463197767735e-04
3.279938828200101852e-04
3.265408449806272984e-04
3.250228473916649818e-04
3.238270583096891642e-04
3.230315051041543484e-04
3.223817329853773117e-04
3.216201148461550474e-04
3.206857363693416119e-04
3.196785692125558853e-04
3.186766407452523708e-04
3.177396720275282860e-04
3.169243864249438047e-04
3.162570064887404442e-04
3.157621249556541443e-04
3.154724545311182737e-04
3.155446611344814301e-04
3.162438806612044573e-04
3.179528575856238604e-04
3.213267773389816284e-04
3.271450113970786333e-04
3.366280579939484596e-04
3.501731844153255224e-04
3.668452554848045111e-04
3.825125168077647686e-04
3.882057499140501022e-04
3.816210373770445585e-04
3.614036832004785538e-04
3.431542427279055119e-04
3.353203064762055874e-04
3.410259960219264030e-04
3.494876436889171600e-04
3.507188521325588226e-04
3.379760310053825378e-04
3.218271885998547077e-04
3.109802200924605131e-04
3.102857153862714767e-04
3.133281425107270479e-04
3.135548904538154602e-04
3.093453415203839540e-04
3.039928269572556019e-04
3.013400710187852383e-04
3.010730142705142498e-04
3.010430664289742708e-04
2.989633649121969938e-04
2.957907854579389095e-04
2.935529046226292849e-04
2.930396294686943293e-04
2.931703638751059771e-04
2.921419800259172916e-04
2.897435333579778671e-04
2.871483156923204660e-04
2.856227220036089420e-04
2.853736223187297583e-04
2.854124177247285843e-04
2.847474243026226759e-04
2.832979371305555105e-04
2.817493805196136236e-04
2.805505064316093922e-04
