1.577655792236328125e+01
1.543205451965332031e+01
1.505518722534179688e+01
1.493062305450439453e+01
1.482043933868408203e+01
1.469794940948486328e+01
1.458660697937011719e+01
1.448744869232177734e+01
1.439454936981201172e+01
1.429886722564697266e+01
1.419845199584960938e+01
1.410087585449218750e+01
1.400507831573486328e+01
1.390375709533691406e+01
1.379722213745117188e+01
1.368723297119140625e+01
1.357487583160400391e+01
1.345873355865478516e+01
1.333545684814453125e+01
1.320389175415039062e+01
1.306618499755859375e+01
1.292501926422119141e+01
1.278804111480712891e+01
1.269595718383789062e+01
1.262314033508300781e+01
1.243022346496582031e+01
1.235863399505615234e+01
1.220389080047607422e+01
1.207233238220214844e+01
1.200905418395996094e+01
1.182378864288330078e+01
1.178090953826904297e+01
1.157919025421142578e+01
1.154530048370361328e+01
1.133400917053222656e+01
1.126537513732910156e+01
1.110423374176025391e+01
1.103840923309326172e+01
1.087992858886718750e+01
1.079348087310791016e+01
1.063861083984375000e+01
1.056175327301025391e+01
1.040769863128662109e+01
1.033199024200439453e+01
1.020663833618164062e+01
1.012996006011962891e+01
1.001514434814453125e+01
9.914550781250000000e+00
9.769383430480957031e+00
9.677951812744140625e+00
9.578101158142089844e+00
9.490175247192382812e+00
9.372203826904296875e+00
9.256431579589843750e+00
9.139608383178710938e+00
9.049121856689453125e+00
8.966127395629882812e+00
8.862239837646484375e+00
8.743913650512695312e+00
8.625333786010742188e+00
8.553603172302246094e+00
8.487158775329589844e+00
8.453451156616210938e+00
8.340441703796386719e+00
8.188513755798339844e+00
8.133965492248535156e+00
8.048601150512695312e+00
7.898364543914794922e+00
7.851690292358398438e+00
7.745676040649414062e+00
7.612123012542724609e+00
7.566758155822753906e+00
7.443799018859863281e+00
7.359951496124267578e+00
7.290135383605957031e+00
7.192595958709716797e+00
7.149837493896484375e+00
7.110975265502929688e+00
7.055700302124023438e+00
6.913016319274902344e+00
6.820836544036865234e+00
6.803953647613525391e+00
6.682370662689208984e+00
6.562359333038330078e+00
6.534878730773925781e+00
6.450450897216796875e+00
6.341735839843750000e+00
6.285797119140625000e+00
6.230490207672119141e+00
6.154222965240478516e+00
6.106469154357910156e+00
6.080272197723388672e+00
6.023396015167236328e+00
5.897402286529541016e+00
5.811962127685546875e+00
5.766594886779785156e+00
5.701850891113281250e+00
5.629234790802001953e+00
5.562873363494873047e+00
5.504783630371093750e+00
5.439554214477539062e+00
5.367512702941894531e+00
5.327888488769531250e+00
5.293955802917480469e+00
5.235003471374511719e+00
5.192807674407958984e+00
5.158208847045898438e+00
5.080868244171142578e+00
4.989181041717529297e+00
4.930226802825927734e+00
4.885197162628173828e+00
4.835907459259033203e+00
4.786087989807128906e+00
4.737269401550292969e+00
4.682862758636474609e+00
4.627056598663330078e+00
4.580261707305908203e+00
4.537871837615966797e+00
4.504354000091552734e+00
4.514288902282714844e+00
4.559898853302001953e+00
4.563948631286621094e+00
4.414645671844482422e+00
4.356099128723144531e+00
4.382730960845947266e+00
4.265771865844726562e+00
4.192412853240966797e+00
4.193268775939941406e+00
4.122173786163330078e+00
4.072217941284179688e+00
4.055358886718750000e+00
4.011281967163085938e+00
3.995614290237426758e+00
3.963420152664184570e+00
3.912641048431396484e+00
3.872533559799194336e+00
3.825160980224609375e+00
3.786231994628906250e+00
3.761367559432983398e+00
3.726517438888549805e+00
3.689566850662231445e+00
3.667418479919433594e+00
3.672940492630004883e+00
3.711530208587646484e+00
3.769152164459228516e+00
3.752792358398437500e+00
3.614131689071655273e+00
3.529673576354980469e+00
3.570476531982421875e+00
3.544245004653930664e+00
3.445054769515991211e+00
3.423511981964111328e+00
3.426069736480712891e+00
3.376570224761962891e+00
3.334225416183471680e+00
3.316920042037963867e+00
3.285805463790893555e+00
3.258126735687255859e+00
3.238684415817260742e+00
3.212710380554199219e+00
3.193415403366088867e+00
3.174777507781982422e+00
3.146137952804565430e+00
3.113445520401000977e+00
3.082383632659912109e+00
3.058677673339843750e+00
3.041780233383178711e+00
3.035609245300292969e+00
3.046762943267822266e+00
3.065079450607299805e+00
3.075394153594970703e+00
3.056533336639404297e+00
3.006460905075073242e+00
2.968657016754150391e+00
2.970273494720458984e+00
2.960559844970703125e+00
2.906814336776733398e+00
2.865072250366210938e+00
2.863286018371582031e+00
2.852955102920532227e+00
2.810629606246948242e+00
2.775903701782226562e+00
2.771010398864746094e+00
2.760778903961181641e+00
2.735327005386352539e+00
2.717692136764526367e+00
2.704212903976440430e+00
2.691949605941772461e+00
2.678929567337036133e+00
2.661656141281127930e+00
2.640974044799804688e+00
2.623950719833374023e+00
2.606219530105590820e+00
2.587699890136718750e+00
2.571690320968627930e+00
2.557405710220336914e+00
2.542500734329223633e+00
2.527833700180053711e+00
2.517638444900512695e+00
2.519795894622802734e+00
2.537179470062255859e+00
2.561839580535888672e+00
2.573916673660278320e+00
2.554124593734741211e+00
2.514548778533935547e+00
2.490304470062255859e+00
2.497596263885498047e+00
2.498977661132812500e+00
2.461129665374755859e+00
2.417404890060424805e+00
2.401160240173339844e+00
2.386142969131469727e+00
2.353880643844604492e+00
2.328434228897094727e+00
2.316677570343017578e+00
2.303314208984375000e+00
2.288407087326049805e+00
2.275856733322143555e+00
2.262248754501342773e+00
2.255309820175170898e+00
2.262687444686889648e+00
2.275892972946166992e+00
2.291589736938476562e+00
2.312322616577148438e+00
2.331478834152221680e+00
2.313148736953735352e+00
2.263501167297363281e+00
2.216319799423217773e+00
2.214531421661376953e+00
2.234265327453613281e+00
2.225615501403808594e+00
2.175671100616455078e+00
2.129055976867675781e+00
2.116244792938232422e+00
2.116556167602539062e+00
2.102533340454101562e+00
2.079910516738891602e+00
2.062503337860107422e+00
2.049640893936157227e+00
2.037601470947265625e+00
2.028648853302001953e+00
2.020850658416748047e+00
2.012141704559326172e+00
2.007672071456909180e+00
2.013255834579467773e+00
2.028678655624389648e+00
2.054908990859985352e+00
2.092712879180908203e+00
2.138403415679931641e+00
2.159443855285644531e+00
2.141632795333862305e+00
2.099835634231567383e+00
2.100610256195068359e+00
2.138384580612182617e+00
2.106704473495483398e+00
1.996605992317199707e+00
1.948475241661071777e+00
1.989329934120178223e+00
1.982041001319885254e+00
1.916767477989196777e+00
1.909225344657897949e+00
1.926872611045837402e+00
1.898791193962097168e+00
1.875804185867309570e+00
1.876012444496154785e+00
1.850597739219665527e+00
1.822167992591857910e+00
1.817380309104919434e+00
1.806294679641723633e+00
1.789286732673645020e+00
1.786144495010375977e+00
1.780519604682922363e+00
1.766008257865905762e+00
1.758795857429504395e+00
1.755457639694213867e+00
1.748071551322937012e+00
1.745731949806213379e+00
1.753990411758422852e+00
1.771963238716125488e+00
1.811417937278747559e+00
1.887443423271179199e+00
1.993753194808959961e+00
2.060982704162597656e+00
2.007164716720581055e+00
1.853852748870849609e+00
1.790926456451416016e+00
1.871363878250122070e+00
1.894866228103637695e+00
1.773131728172302246e+00
1.708282709121704102e+00
1.760872006416320801e+00
1.755563259124755859e+00
1.694638252258300781e+00
1.695656299591064453e+00
1.699280142784118652e+00
1.664699077606201172e+00
1.660798311233520508e+00
1.666334986686706543e+00
1.643508076667785645e+00
1.632825613021850586e+00
1.632734537124633789e+00
1.619284868240356445e+00
1.613125443458557129e+00
1.613495469093322754e+00
1.602287769317626953e+00
1.593373775482177734e+00
1.594258427619934082e+00
1.593587398529052734e+00
1.594178080558776855e+00
1.602765679359436035e+00
1.615819692611694336e+00
1.633383393287658691e+00
1.654167532920837402e+00
1.671258449554443359e+00
1.673007369041442871e+00
1.658737778663635254e+00
1.634520411491394043e+00
1.620663285255432129e+00
1.636255979537963867e+00
1.664000034332275391e+00
1.664063572883605957e+00
1.623368501663208008e+00
1.575614213943481445e+00
1.564543128013610840e+00
1.585421919822692871e+00
1.596590518951416016e+00
1.572578907012939453e+00
1.540732502937316895e+00
1.532083034515380859e+00
1.533108234405517578e+00
1.513462781906127930e+00
1.481626272201538086e+00
1.468718290328979492e+00
1.473509907722473145e+00
1.469523072242736816e+00
1.451905012130737305e+00
1.439418911933898926e+00
1.439625501632690430e+00
1.439073562622070312e+00
1.427966475486755371e+00
1.415156841278076172e+00
1.412174701690673828e+00
1.418504238128662109e+00
1.425704002380371094e+00
1.433261752128601074e+00
1.449675440788269043e+00
1.482531428337097168e+00
1.527477741241455078e+00
1.570990562438964844e+00
1.587577819824218750e+00
1.562844514846801758e+00
1.515713810920715332e+00
1.493576169013977051e+00
1.518067717552185059e+00
1.546069145202636719e+00
1.523310184478759766e+00
1.463079214096069336e+00
1.432796478271484375e+00
1.440227031707763672e+00
1.432296395301818848e+00
1.397483706474304199e+00
1.373661398887634277e+00
1.369257926940917969e+00
1.359357476234436035e+00
1.344353914260864258e+00
1.339896678924560547e+00
1.338221907615661621e+00
1.326556324958801270e+00
1.312952280044555664e+00
1.307564139366149902e+00
1.304745912551879883e+00
1.298175454139709473e+00
1.290702819824218750e+00
1.285926222801208496e+00
1.282929420471191406e+00
1.281523823738098145e+00
1.284048318862915039e+00
1.292961478233337402e+00
1.312411546707153320e+00
1.352517247200012207e+00
1.427549242973327637e+00
1.544011592864990234e+00
1.664651870727539062e+00
1.690146446228027344e+00
1.558389663696289062e+00
1.405058860778808594e+00
1.409171342849731445e+00
1.487215757369995117e+00
1.437670350074768066e+00
1.321819663047790527e+00
1.319204211235046387e+00
1.352165102958679199e+00
1.309787034988403320e+00
1.276536464691162109e+00
1.284330010414123535e+00
1.267335891723632812e+00
1.246691823005676270e+00
1.250754594802856445e+00
1.241927742958068848e+00
1.223539948463439941e+00
1.221075415611267090e+00
1.218390822410583496e+00
1.207861185073852539e+00
1.202122688293457031e+00
1.196472644805908203e+00
1.186801910400390625e+00
1.182350277900695801e+00
1.180972814559936523e+00
1.174494862556457520e+00
1.167344450950622559e+00
1.164669871330261230e+00
1.162313938140869141e+00
1.158285737037658691e+00
1.157008051872253418e+00
1.160599470138549805e+00
1.168896794319152832e+00
1.187781453132629395e+00
1.231502532958984375e+00
1.321071863174438477e+00
1.475165963172912598e+00
1.665854573249816895e+00
1.741168379783630371e+00
1.550840258598327637e+00
1.283482432365417480e+00
1.288031935691833496e+00
1.431432604789733887e+00
1.351710319519042969e+00
1.200502395629882812e+00
1.237319827079772949e+00
1.260868549346923828e+00
1.186540365219116211e+00
1.187962651252746582e+00
1.201280832290649414e+00
1.160360455513000488e+00
1.158449649810791016e+00
1.159763932228088379e+00
1.132735967636108398e+00
1.131557106971740723e+00
1.131204962730407715e+00
1.116185903549194336e+00
1.112152695655822754e+00
1.106219768524169922e+00
1.096906185150146484e+00
1.093706011772155762e+00
1.088423609733581543e+00
1.084007978439331055e+00
1.080830574035644531e+00
1.072767496109008789e+00
1.068253755569458008e+00
1.067381858825683594e+00
1.061238646507263184e+00
1.055854558944702148e+00
1.055132389068603516e+00
1.051616311073303223e+00
1.046625018119812012e+00
1.045672416687011719e+00
1.045655369758605957e+00
1.046267509460449219e+00
1.054740190505981445e+00
1.077304005622863770e+00
1.124763846397399902e+00
1.223174214363098145e+00
1.396248936653137207e+00
1.607260942459106445e+00
1.671423792839050293e+00
1.455097198486328125e+00
1.203848004341125488e+00
1.217706561088562012e+00
1.312119960784912109e+00
1.228422641754150391e+00
1.136352062225341797e+00
1.155420660972595215e+00
1.148694396018981934e+00
1.108974099159240723e+00
1.095955491065979004e+00
1.093428730964660645e+00
1.081898450851440430e+00
1.061709880828857422e+00
1.054446101188659668e+00
1.053771734237670898e+00
1.040936112403869629e+00
1.031543135643005371e+00
1.026683688163757324e+00
1.018005371093750000e+00
1.013396978378295898e+00
1.009060144424438477e+00
1.001724362373352051e+00
9.982983469963073730e-01
9.943673610687255859e-01
9.876861572265625000e-01
9.839100241661071777e-01
9.802135229110717773e-01
9.751208424568176270e-01
9.720617532730102539e-01
9.688276648521423340e-01
9.646466374397277832e-01
9.616506695747375488e-01
9.585520029067993164e-01
9.552407860755920410e-01
9.529312252998352051e-01
9.504766464233398438e-01
9.479507207870483398e-01
9.473611116409301758e-01
9.489811062812805176e-01
9.535749554634094238e-01
9.668955802917480469e-01
9.994618296623229980e-01
1.070935606956481934e+00
1.210818409919738770e+00
1.443765521049499512e+00
1.654487729072570801e+00
1.611309885978698730e+00
1.253381133079528809e+00
1.054196238517761230e+00
1.201123118400573730e+00
1.242656946182250977e+00
1.067384481430053711e+00
1.049457311630249023e+00
1.104661941528320312e+00
1.027144670486450195e+00
1.007374525070190430e+00
1.035182476043701172e+00
9.939042329788208008e-01
9.833341240882873535e-01
9.886479973793029785e-01
9.656543731689453125e-01
9.606199860572814941e-01
9.568608999252319336e-01
9.461326599121093750e-01
9.405316710472106934e-01
9.341792464256286621e-01
9.297504425048828125e-01
9.226993918418884277e-01
9.174736738204956055e-01
9.160532951354980469e-01
9.086597561836242676e-01
9.039704203605651855e-01
9.025894403457641602e-01
8.967078328132629395e-01
8.935326337814331055e-01
8.916290402412414551e-01
8.862881064414978027e-01
8.835122585296630859e-01
8.818614482879638672e-01
8.780389428138732910e-01
8.755407333374023438e-01
8.736518621444702148e-01
8.707439303398132324e-01
8.690285682678222656e-01
8.683142662048339844e-01
8.681975603103637695e-01
8.711787462234497070e-01
8.800603747367858887e-01
9.005851745605468750e-01
9.458661079406738281e-01
1.036122798919677734e+00
1.189504861831665039e+00
1.367050170898437500e+00
1.444277644157409668e+00
1.321190357208251953e+00
1.127454042434692383e+00
1.063907861709594727e+00
1.086722016334533691e+00
1.067742228507995605e+00
1.004879236221313477e+00
9.641730785369873047e-01
9.639918208122253418e-01
9.645707607269287109e-01
9.392766356468200684e-01
9.192894697189331055e-01
9.158073663711547852e-01
9.079141616821289062e-01
8.969613313674926758e-01
8.876734972000122070e-01
8.795164823532104492e-01
8.752208352088928223e-01
8.686138391494750977e-01
8.608204722404479980e-01
8.580779433250427246e-01
8.527900576591491699e-01
8.448052406311035156e-01
8.422163128852844238e-01
8.402898311614990234e-01
8.344228267669677734e-01
8.297678232192993164e-01
8.277143239974975586e-01
8.247447013854980469e-01
8.209947943687438965e-01
8.178982734680175781e-01
8.147947788238525391e-01
8.118286132812500000e-01
8.096536993980407715e-01
8.074666261672973633e-01
8.048641681671142578e-01
8.022863864898681641e-01
8.000692129135131836e-01
7.984296083450317383e-01
7.968373894691467285e-01
7.946869730949401855e-01
7.928399443626403809e-01
7.921544313430786133e-01
7.922576069831848145e-01
7.936936616897583008e-01
7.987955808639526367e-01
8.116030097007751465e-01
8.402876257896423340e-01
9.035871624946594238e-01
1.031206130981445312e+00
1.260635018348693848e+00
1.533758997917175293e+00
1.627907395362854004e+00
1.308777809143066406e+00
9.705135822296142578e-01
1.074043512344360352e+00
1.228521227836608887e+00
1.014768838882446289e+00
8.921986818313598633e-01
1.000682830810546875e+00
9.329319596290588379e-01
8.754646778106689453e-01
9.341360926628112793e-01
8.702490925788879395e-01
8.481615781784057617e-01
8.783516883850097656e-01
8.354353308677673340e-01
8.346678018569946289e-01
8.340556621551513672e-01
8.109966516494750977e-01
8.193183541297912598e-01
8.069337010383605957e-01
7.959139347076416016e-01
7.981680035591125488e-01
7.869531512260437012e-01
7.860973477363586426e-01
7.833105921745300293e-01
7.729182839393615723e-01
7.725418806076049805e-01
7.692245244979858398e-01
7.642139196395874023e-01
7.631604671478271484e-01
7.584872841835021973e-01
7.552540898323059082e-01
7.536185979843139648e-01
7.495402693748474121e-01
7.474540472030639648e-01
7.456207871437072754e-01
7.425367236137390137e-01
7.409790158271789551e-01
7.388356924057006836e-01
7.361477017402648926e-01
7.347978949546813965e-01
7.327762246131896973e-01
7.303798794746398926e-01
7.291204333305358887e-01
7.274376749992370605e-01
7.253013253211975098e-01
7.240071296691894531e-01
7.227042317390441895e-01
7.211251854896545410e-01
7.204356789588928223e-01
7.207394242286682129e-01
7.223758697509765625e-01
7.274912595748901367e-01
7.399798035621643066e-01
7.668396234512329102e-01
8.244684338569641113e-01
9.342352747917175293e-01
1.121538877487182617e+00
1.319056749343872070e+00
1.373986005783081055e+00
1.141212701797485352e+00
8.823307752609252930e-01
8.827090859413146973e-01
9.646029472351074219e-01
8.954657316207885742e-01
8.207209110260009766e-01
8.402467966079711914e-01
8.282306194305419922e-01
7.959366440773010254e-01
7.957609295845031738e-01
7.854613661766052246e-01
7.721186280250549316e-01
7.653743028640747070e-01
7.559439539909362793e-01
7.512043714523315430e-01
7.431601881980895996e-01
7.364983558654785156e-01
7.346286177635192871e-01
7.267310619354248047e-01
7.210403084754943848e-01
7.192640304565429688e-01
7.138661742210388184e-01
7.106106281280517578e-01
7.078984379768371582e-01
7.023210525512695312e-01
6.999099850654602051e-01
6.988680362701416016e-01
6.949449777603149414e-01
6.916823387145996094e-01
6.901122331619262695e-01
6.877272725105285645e-01
6.848852038383483887e-01
6.828005313873291016e-01
6.810814142227172852e-01
6.789832711219787598e-01
6.768415570259094238e-01
6.752585172653198242e-01
6.737288236618041992e-01
6.718301177024841309e-01
6.702245473861694336e-01
6.690794825553894043e-01
6.678256988525390625e-01
6.665946841239929199e-01
6.660089492797851562e-01
6.663868427276611328e-01
6.682510972023010254e-01
6.733282208442687988e-01
6.852792501449584961e-01
7.119246125221252441e-01
7.668605446815490723e-01
8.747476339340209961e-01
1.049827814102172852e+00
1.264522790908813477e+00
1.343013048171997070e+00
1.169677138328552246e+00
8.753877282142639160e-01
8.052110075950622559e-01
9.267106652259826660e-01
9.141093492507934570e-01
7.761452198028564453e-01
7.619699239730834961e-01
8.096013069152832031e-01
7.626815438270568848e-01
7.301400899887084961e-01
7.542209625244140625e-01
7.316999435424804688e-01
7.050481438636779785e-01
7.181355953216552734e-01
7.073303461074829102e-01
6.881460547447204590e-01
6.941408514976501465e-01
6.882760524749755859e-01
6.744088530540466309e-01
6.760070919990539551e-01
6.730867624282836914e-01
6.630226969718933105e-01
6.617773175239562988e-01
6.615617275238037109e-01
6.550084352493286133e-01
6.507060527801513672e-01
6.502350568771362305e-01
6.472707986831665039e-01
6.430540680885314941e-01
6.414761543273925781e-01
6.401429176330566406e-01
6.372358202934265137e-01
6.348537206649780273e-01
6.332044005393981934e-01
6.310351490974426270e-01
6.290886402130126953e-01
6.276153922080993652e-01
6.257857084274291992e-01
6.241293549537658691e-01
6.230933666229248047e-01
6.217563748359680176e-01
6.200473904609680176e-01
6.187058687210083008e-01
6.176604628562927246e-01
6.165143251419067383e-01
6.154806613922119141e-01
6.148326992988586426e-01
6.147630810737609863e-01
6.157819628715515137e-01
6.187939047813415527e-01
6.255269646644592285e-01
6.399964690208435059e-01
6.700252890586853027e-01
7.305767536163330078e-01
8.439493775367736816e-01
1.031063437461853027e+00
1.247082829475402832e+00
1.324525117874145508e+00
1.087244987487792969e+00
7.592307925224304199e-01
7.394731044769287109e-01
9.085191488265991211e-01
8.529167771339416504e-01
6.814433932304382324e-01
7.182237505912780762e-01
7.743595838546752930e-01
6.908311247825622559e-01
6.770424246788024902e-01
7.115392684936523438e-01
6.695879101753234863e-01
6.552250385284423828e-01
6.713670492172241211e-01
6.492117643356323242e-01
6.416177153587341309e-01
6.467214822769165039e-01
6.321414113044738770e-01
6.275748014450073242e-01
6.286188960075378418e-01
6.201977729797363281e-01
6.167641878128051758e-01
6.147689223289489746e-01
6.096777915954589844e-01
6.078144907951354980e-01
6.050283312797546387e-01
6.009032726287841797e-01
5.993197560310363770e-01
5.969989299774169922e-01
5.939697027206420898e-01
5.928317904472351074e-01
5.909947752952575684e-01
5.880033373832702637e-01
5.862864851951599121e-01
5.850935578346252441e-01
5.831003785133361816e-01
5.813781619071960449e-01
5.803189873695373535e-01
5.789745450019836426e-01
5.772653222084045410e-01
5.758635997772216797e-01
5.747715234756469727e-01
5.734962821006774902e-01
5.720949172973632812e-01
5.709820985794067383e-01
5.700377821922302246e-01
5.690878629684448242e-01
5.684822201728820801e-01
5.685717463493347168e-01
5.695209503173828125e-01
5.723405480384826660e-01
5.795070528984069824e-01
5.955626964569091797e-01
6.299774646759033203e-01
7.006986141204833984e-01
8.357273340225219727e-01
1.039002299308776855e+00
1.230895638465881348e+00
1.190897703170776367e+00
9.057529568672180176e-01
6.973925232887268066e-01
7.502036094665527344e-01
8.089269399642944336e-01
7.213234901428222656e-01
6.707708835601806641e-01
6.931638717651367188e-01
6.782679557800292969e-01
6.492356061935424805e-01
6.433203816413879395e-01
6.415706276893615723e-01
6.293477416038513184e-01
6.126406788825988770e-01
6.125879883766174316e-01
6.113610267639160156e-01
5.955587625503540039e-01
5.927634835243225098e-01
5.937886238098144531e-01
5.829537510871887207e-01
5.785756111145019531e-01
5.786262750625610352e-01
5.732520222663879395e-01
5.690475702285766602e-01
5.667163729667663574e-01
5.641463398933410645e-01
5.613427758216857910e-01
5.578754544258117676e-01
5.561436414718627930e-01
5.549972057342529297e-01
5.518693923950195312e-01
5.493298768997192383e-01
5.483582615852355957e-01
5.466367006301879883e-01
5.444965958595275879e-01
5.432468056678771973e-01
5.419694781303405762e-01
5.400339365005493164e-01
5.384089946746826172e-01
5.374429225921630859e-01
5.363048315048217773e-01
5.347644090652465820e-01
5.335202813148498535e-01
5.326451063156127930e-01
5.315634608268737793e-01
5.304536223411560059e-01
5.296403765678405762e-01
5.288230180740356445e-01
5.280935168266296387e-01
5.278951525688171387e-01
5.283374190330505371e-01
5.299527645111083984e-01
5.344819426536560059e-01
5.450299382209777832e-01
5.680449604988098145e-01
6.178875565528869629e-01
7.211004495620727539e-01
9.124109745025634766e-01
1.180117845535278320e+00
1.356159925460815430e+00
1.173572659492492676e+00
7.776349186897277832e-01
6.558099985122680664e-01
7.974241971969604492e-01
7.872377634048461914e-01
6.616086363792419434e-01
6.567130684852600098e-01
6.766811609268188477e-01
6.431290507316589355e-01
6.212387681007385254e-01
6.186898350715637207e-01
6.094363927841186523e-01
5.930968523025512695e-01
5.877671241760253906e-01
5.846028327941894531e-01
5.716686248779296875e-01
5.662465691566467285e-01
5.643122196197509766e-01
5.554412007331848145e-01
5.507923960685729980e-01
5.491227507591247559e-01
5.427384376525878906e-01
5.380573272705078125e-01
5.373172760009765625e-01
5.332111120223999023e-01
5.281801819801330566e-01
5.275822877883911133e-01
5.252025127410888672e-01
5.207632184028625488e-01
5.198898911476135254e-01
5.183137059211730957e-01
5.146543383598327637e-01
5.133707523345947266e-01
5.126373767852783203e-01
5.100237131118774414e-01
5.081099271774291992e-01
5.074039101600646973e-01
5.056812167167663574e-01
5.037843585014343262e-01
5.030499696731567383e-01
5.018956065177917480e-01
5.001699328422546387e-01
4.992478489875793457e-01
4.984669089317321777e-01
4.970537126064300537e-01
4.957904517650604248e-01
4.950310885906219482e-01
4.941677451133728027e-01
4.930278360843658447e-01
4.920013844966888428e-01
4.911919236183166504e-01
4.903928935527801514e-01
4.895400404930114746e-01
4.886949062347412109e-01
4.879373311996459961e-01
4.873428344726562500e-01
4.868541657924652100e-01
4.864943921566009521e-01
4.866746068000793457e-01
4.880129992961883545e-01
4.915116131305694580e-01
4.996927976608276367e-01
5.183236598968505859e-01
5.599630475044250488e-01
6.488679647445678711e-01
8.267227411270141602e-01
1.109781384468078613e+00
1.390236139297485352e+00
1.322711110115051270e+00
8.752985596656799316e-01
6.151407957077026367e-01
7.927680015563964844e-01
8.466128110885620117e-01
6.245874166488647461e-01
6.186894774436950684e-01
7.095565795898437500e-01
6.111563444137573242e-01
5.864790081977844238e-01
6.261177659034729004e-01
5.692921280860900879e-01
5.678786635398864746e-01
5.802980661392211914e-01
5.425444245338439941e-01
5.486808419227600098e-01
5.448177456855773926e-01
5.270270705223083496e-01
5.328155159950256348e-01
5.200137495994567871e-01
5.145735740661621094e-01
5.171260833740234375e-01
5.050710439682006836e-01
5.049147605895996094e-01
5.028660893440246582e-01
4.946894943714141846e-01
4.963632524013519287e-01
4.922423958778381348e-01
4.871089756488800049e-01
4.882507622241973877e-01
4.842889010906219482e-01
4.811431169509887695e-01
4.812190234661102295e-01
4.780780375003814697e-01
4.761910140514373779e-01
4.756579101085662842e-01
4.730285406112670898e-01
4.714034497737884521e-01
4.708326160907745361e-01
4.692568480968475342e-01
4.678074717521667480e-01
4.666342735290527344e-01
4.653643667697906494e-01
4.643466472625732422e-01
4.632616937160491943e-01
4.622817039489746094e-01
4.614764750003814697e-01
4.603359997272491455e-01
4.592793285846710205e-01
4.585191905498504639e-01
4.576122164726257324e-01
4.566948413848876953e-01
4.559833109378814697e-01
4.552252888679504395e-01
4.543899595737457275e-01
4.536339044570922852e-01
4.529039859771728516e-01
4.521582722663879395e-01
4.514120817184448242e-01
4.506879150867462158e-01
4.500188827514648438e-01
4.493386149406433105e-01
4.486345052719116211e-01
4.479847848415374756e-01
4.473965167999267578e-01
4.467843472957611084e-01
4.462173283100128174e-01
4.457947909832000732e-01
4.455370008945465088e-01
4.455777108669281006e-01
4.463200271129608154e-01
4.484938383102416992e-01
4.535739421844482422e-01
4.649796485900878906e-01
4.895106852054595947e-01
5.419015288352966309e-01
6.442415118217468262e-01
8.269046545028686523e-01
1.057948112487792969e+00
1.214550971984863281e+00
1.091692566871643066e+00
7.718001604080200195e-01
6.138839125633239746e-01
6.950730085372924805e-01
7.193653583526611328e-01
6.022442579269409180e-01
5.645603537559509277e-01
6.070036888122558594e-01
5.762856602668762207e-01
5.350501537322998047e-01
5.478805899620056152e-01
5.367168188095092773e-01
5.114043354988098145e-01
5.157625675201416016e-01
5.093132853507995605e-01
4.935438036918640137e-01
4.931347370147705078e-01
4.877525568008422852e-01
4.791962504386901855e-01
4.776258170604705811e-01
4.723981022834777832e-01
4.673680961132049561e-01
4.651833176612854004e-01
4.606675207614898682e-01
4.580428898334503174e-01
4.559532105922698975e-01
4.518963396549224854e-01
4.502384960651397705e-01
4.482478201389312744e-01
4.449062347412109375e-01
4.440630972385406494e-01
4.425444006919860840e-01
4.394177794456481934e-01
4.385266900062561035e-01
4.376588165760040283e-01
4.350995123386383057e-01
4.338962137699127197e-01
4.335004985332489014e-01
4.317384362220764160e-01
4.301913380622863770e-01
4.296878576278686523e-01
4.286654889583587646e-01
4.272023141384124756e-01
4.263241887092590332e-01
4.256152808666229248e-01
4.246726930141448975e-01
4.238297641277313232e-01
4.230661988258361816e-01
4.222254157066345215e-01
4.214618802070617676e-01
4.207486808300018311e-01
4.199860990047454834e-01
4.192571938037872314e-01
4.186100959777832031e-01
4.179263412952423096e-01
4.172317981719970703e-01
4.166015088558197021e-01
4.159989356994628906e-01
4.153699576854705811e-01
4.147740304470062256e-01
4.142426252365112305e-01
4.137369096279144287e-01
4.132547676563262939e-01
4.128815829753875732e-01
4.126962423324584961e-01
4.128496348857879639e-01
4.136312603950500488e-01
4.156267642974853516e-01
4.200521409511566162e-01
4.294563233852386475e-01
4.488198459148406982e-01
4.874298572540283203e-01
5.594685077667236328e-01
6.776131391525268555e-01
8.239576816558837891e-01
9.248209595680236816e-01
8.889617323875427246e-01
7.480686902999877930e-01
6.393857598304748535e-01
6.287665963172912598e-01
6.271452903747558594e-01
5.752549767494201660e-01
5.296193957328796387e-01
5.226943492889404297e-01
5.209723711013793945e-01
5.051372647285461426e-01
4.909817576408386230e-01
4.865024387836456299e-01
4.779745936393737793e-01
4.640849232673645020e-01
4.598150849342346191e-01
4.599525332450866699e-01
4.511006176471710205e-01
4.427554905414581299e-01
4.421246349811553955e-01
4.383549094200134277e-01
4.317542016506195068e-01
4.303073585033416748e-01
4.289198517799377441e-01
4.240051507949829102e-01
4.203301072120666504e-01
4.190047383308410645e-01
4.175692200660705566e-01
4.154614210128784180e-01
4.130111038684844971e-01
4.107426106929779053e-01
4.093300104141235352e-01
4.081496298313140869e-01
4.064595699310302734e-01
4.049406349658966064e-01
4.039502739906311035e-01
4.028040468692779541e-01
4.013729393482208252e-01
4.001665711402893066e-01
3.992416560649871826e-01
3.983074426651000977e-01
3.974059522151947021e-01
3.967109024524688721e-01
3.959236145019531250e-01
3.947696983814239502e-01
3.937187194824218750e-01
3.931375443935394287e-01
3.925834596157073975e-01
3.917582333087921143e-01
3.910080492496490479e-01
3.904957771301269531e-01
3.899886310100555420e-01
3.894084393978118896e-01
3.888733088970184326e-01
3.884043991565704346e-01
3.879997432231903076e-01
3.877989351749420166e-01
3.880023360252380371e-01
3.888460099697113037e-01
3.908863961696624756e-01
3.954725265502929688e-01
4.054340422153472900e-01
4.267174303531646729e-01
4.711779654026031494e-01
5.617244839668273926e-01
7.295807003974914551e-01
9.848926067352294922e-01
1.200422167778015137e+00
1.104138970375061035e+00
6.762043237686157227e-01
4.591991305351257324e-01
6.555685400962829590e-01
7.140861153602600098e-01
4.959145784378051758e-01
4.869529902935028076e-01
5.859220027923583984e-01
4.923979640007019043e-01
4.657198488712310791e-01
5.146667361259460449e-01
4.583030939102172852e-01
4.499654471874237061e-01
4.737100601196289062e-01
4.384697377681732178e-01
4.366515874862670898e-01
4.418224394321441650e-01
4.237025678157806396e-01
4.257360696792602539e-01
4.218191504478454590e-01
4.123919606208801270e-01
4.137826859951019287e-01
4.079749882221221924e-01
4.042969644069671631e-01
4.046931862831115723e-01
3.982267081737518311e-01
3.961238265037536621e-01
3.968948125839233398e-01
3.924123644828796387e-01
3.900781273841857910e-01
3.897539079189300537e-01
3.871495425701141357e-01
3.854143321514129639e-01
3.845843374729156494e-01
3.829509317874908447e-01
3.814530372619628906e-01
3.801926970481872559e-01
3.790798783302307129e-01
3.781858086585998535e-01
3.770464956760406494e-01
3.760105669498443604e-01
3.752392232418060303e-01
3.741388618946075439e-01
3.731774985790252686e-01
3.727026283740997314e-01
3.719174265861511230e-01
3.709267675876617432e-01
3.703722655773162842e-01
3.697980940341949463e-01
3.689178228378295898e-01
3.682503402233123779e-01
3.677708506584167480e-01
3.671548068523406982e-01
3.665005862712860107e-01
3.659673333168029785e-01
3.654523789882659912e-01
3.649221360683441162e-01
3.644115626811981201e-01
3.639262318611145020e-01
3.634439408779144287e-01
3.629996180534362793e-01
3.626189231872558594e-01
3.622749149799346924e-01
3.620139658451080322e-01
3.619719445705413818e-01
3.622679710388183594e-01
3.631036579608917236e-01
3.650444149971008301e-01
3.691715896129608154e-01
3.774350583553314209e-01
3.938722014427185059e-01
4.261398315429687500e-01
4.882000088691711426e-01
5.993027687072753906e-01
7.742137312889099121e-01
9.673021435737609863e-01
1.034632086753845215e+00
8.123224377632141113e-01
4.872711002826690674e-01
4.279509782791137695e-01
5.986534953117370605e-01
6.009849905967712402e-01
4.307806491851806641e-01
4.318455755710601807e-01
5.209789276123046875e-01
4.544409215450286865e-01
3.995234668254852295e-01
4.542364776134490967e-01
4.382827281951904297e-01
3.909947872161865234e-01
4.195700287818908691e-01
4.191548228263854980e-01
3.838294744491577148e-01
3.970380127429962158e-01
4.026550352573394775e-01
3.787393569946289062e-01
3.824282586574554443e-01
3.889543414115905762e-01
3.739325404167175293e-01
3.723521530628204346e-01
3.779138922691345215e-01
3.697473108768463135e-01
3.658952414989471436e-01
3.690529763698577881e-01
3.650502562522888184e-01
3.612840771675109863e-01
3.627936244010925293e-01
3.609209954738616943e-01
3.574846684932708740e-01
3.577042222023010254e-01
3.572161197662353516e-01
3.546740114688873291e-01
3.538697957992553711e-01
3.537610173225402832e-01
3.522366285324096680e-01
3.510558307170867920e-01
3.507473468780517578e-01
3.498499393463134766e-01
3.487114608287811279e-01
3.482095599174499512e-01
3.477005660533905029e-01
3.468275070190429688e-01
3.461677730083465576e-01
3.457311093807220459e-01
3.450799584388732910e-01
3.443764448165893555e-01
3.439100384712219238e-01
3.434623479843139648e-01
3.428343236446380615e-01
3.422634005546569824e-01
3.418981432914733887e-01
3.415411412715911865e-01
3.410903513431549072e-01
3.407528698444366455e-01
3.406605422496795654e-01
3.407729268074035645e-01
3.412330746650695801e-01
3.426009118556976318e-01
3.457377254962921143e-01
3.521264493465423584e-01
3.650559782981872559e-01
3.907441496849060059e-01
4.409959912300109863e-01
5.302103161811828613e-01
6.704437732696533203e-01
8.216877579689025879e-01
8.819642066955566406e-01
7.528491020202636719e-01
5.373799204826354980e-01
4.497168958187103271e-01
4.985523521900177002e-01
5.122678279876708984e-01
4.528067111968994141e-01
4.258463382720947266e-01
4.396639466285705566e-01
4.300423562526702881e-01
4.059725105762481689e-01
4.012856185436248779e-01
4.028451740741729736e-01
3.929518163204193115e-01
3.814406991004943848e-01
3.794370591640472412e-01
3.794737160205841064e-01
3.720009028911590576e-01
3.644765317440032959e-01
3.642924726009368896e-01
3.633995950222015381e-01
3.574340641498565674e-01
3.537447452545166016e-01
3.536647260189056396e-01
3.515031337738037109e-01
3.476708233356475830e-01
3.461483716964721680e-01
3.455567061901092529e-01
3.432632088661193848e-01
3.409798741340637207e-01
3.401904404163360596e-01
3.392455577850341797e-01
3.374766707420349121e-01
3.361351490020751953e-01
3.353154659271240234e-01
3.343709409236907959e-01
3.334397971630096436e-01
3.325240314006805420e-01
3.314572572708129883e-01
3.306132555007934570e-01
3.300903439521789551e-01
3.293472826480865479e-01
3.283945024013519287e-01
3.277924358844757080e-01
3.273725211620330811e-01
3.266542255878448486e-01
3.258629739284515381e-01
3.254210054874420166e-01
3.251180946826934814e-01
3.245454430580139160e-01
3.238499462604522705e-01
3.233476579189300537e-01
3.230126202106475830e-01
3.226269185543060303e-01
3.221780657768249512e-01
3.218364119529724121e-01
3.216766119003295898e-01
3.217091858386993408e-01
3.220521807670593262e-01
3.230654001235961914e-01
3.254861533641815186e-01
3.307881355285644531e-01
3.420523703098297119e-01
3.656271100044250488e-01
4.141061902046203613e-01
5.093911290168762207e-01
6.765314340591430664e-01
8.996240496635437012e-01
1.044900894165039062e+00
9.109046459197998047e-01
6.065290570259094238e-01
4.949080049991607666e-01
5.922480821609497070e-01
5.619759559631347656e-01
4.424165785312652588e-01
4.599618017673492432e-01
4.791211783885955811e-01
4.285254180431365967e-01
4.242427647113800049e-01
4.186272919178009033e-01
3.977367281913757324e-01
4.014821946620941162e-01
3.888214230537414551e-01
3.777492642402648926e-01
3.787898123264312744e-01
3.669029772281646729e-01
3.643192350864410400e-01
3.628008067607879639e-01
3.517995476722717285e-01
3.523050248622894287e-01
3.502395153045654297e-01
3.414894044399261475e-01
3.425815105438232422e-01
3.409622013568878174e-01
3.341911137104034424e-01
3.341102600097656250e-01
3.331909179687500000e-01
3.290700912475585938e-01
3.281628489494323730e-01
3.270471692085266113e-01
3.242445588111877441e-01
3.231963217258453369e-01
3.225338160991668701e-01
3.206731975078582764e-01
3.193712234497070312e-01
3.186314702033996582e-01
3.173621296882629395e-01
3.163445889949798584e-01
3.157445788383483887e-01
3.146800994873046875e-01
3.136796355247497559e-01
3.131144940853118896e-01
3.123722970485687256e-01
3.116819262504577637e-01
3.111489713191986084e-01
3.103038966655731201e-01
3.095415234565734863e-01
3.091912269592285156e-01
3.086967468261718750e-01
3.080092072486877441e-01
3.075707554817199707e-01
3.071759045124053955e-01
3.065862655639648438e-01
3.060572743415832520e-01
3.056773841381072998e-01
3.052411675453186035e-01
3.047584295272827148e-01
3.043504059314727783e-01
3.039754033088684082e-01
3.035519719123840332e-01
3.031210303306579590e-01
3.027548789978027344e-01
3.024296462535858154e-01
3.020674288272857666e-01
3.016813695430755615e-01
3.013479411602020264e-01
3.010754585266113281e-01
3.008146882057189941e-01
3.005867898464202881e-01
3.004634678363800049e-01
3.005360662937164307e-01
3.009509742259979248e-01
3.019839525222778320e-01
3.042059540748596191e-01
3.088087439537048340e-01
3.180889189243316650e-01
3.367877900600433350e-01
3.735810816287994385e-01
4.450484216213226318e-01
5.713074803352355957e-01
7.665320634841918945e-01
9.596621394157409668e-01
9.848007559776306152e-01
7.029307484626770020e-01
3.929605185985565186e-01
4.134741723537445068e-01
5.787732601165771484e-01
5.007280111312866211e-01
3.504432737827301025e-01
4.194886982440948486e-01
4.642969071865081787e-01
3.637078404426574707e-01
3.645657300949096680e-01
4.094345867633819580e-01
3.573006391525268555e-01
3.457925915718078613e-01
3.737463653087615967e-01
3.446422815322875977e-01
3.337418735027313232e-01
3.497111201286315918e-01
3.333813846111297607e-01
3.253261744976043701e-01
3.332862854003906250e-01
3.234394788742065430e-01
3.180557489395141602e-01
3.220871090888977051e-01
3.158724308013916016e-01
3.119615912437438965e-01
3.138886988162994385e-01
3.098466992378234863e-01
3.067504167556762695e-01
3.076902329921722412e-01
3.053823709487915039e-01
3.027722537517547607e-01
3.027172684669494629e-01
3.013739585876464844e-01
2.995213568210601807e-01
2.991032302379608154e-01
2.981663048267364502e-01
2.967668473720550537e-01
2.962050735950469971e-01
2.954475879669189453e-01
2.943156659603118896e-01
2.938324213027954102e-01
2.933616042137145996e-01
2.923262417316436768e-01
2.916537523269653320e-01
2.914059758186340332e-01
2.907244265079498291e-01
2.899416089057922363e-01
2.896436154842376709e-01
2.893010675907135010e-01
2.885782122611999512e-01
2.880126535892486572e-01
2.877509891986846924e-01
2.873576283454895020e-01
2.868096530437469482e-01
2.864042520523071289e-01
2.860775589942932129e-01
2.856675088405609131e-01
2.852521240711212158e-01
2.849259376525878906e-01
2.846028804779052734e-01
2.842438220977783203e-01
2.839102149009704590e-01
2.836222052574157715e-01
2.833472788333892822e-01
2.831165194511413574e-01
2.829860448837280273e-01
2.830047309398651123e-01
2.832635939121246338e-01
2.840072810649871826e-01
2.857125997543334961e-01
2.892826497554779053e-01
2.965417504310607910e-01
3.111900687217712402e-01
3.405574560165405273e-01
3.981400132179260254e-01
5.050774812698364258e-01
6.793348193168640137e-01
8.904160857200622559e-01
9.863338470458984375e-01
7.897624969482421875e-01
4.470414519309997559e-01
3.712941110134124756e-01
5.413144230842590332e-01
5.257382392883300781e-01
3.531321883201599121e-01
3.823870718479156494e-01
4.574312567710876465e-01
3.660860061645507812e-01
3.410363793373107910e-01
3.946328163146972656e-01
3.505479395389556885e-01
3.275947868824005127e-01
3.590170443058013916e-01
3.327787518501281738e-01
3.170984387397766113e-01
3.350773751735687256e-01
3.185698390007019043e-01
3.094585835933685303e-01
3.192819952964782715e-01
3.072691857814788818e-01
3.013863265514373779e-01
3.079783916473388672e-01
3.004465401172637939e-01
2.951748371124267578e-01
2.982379496097564697e-01
2.942091524600982666e-01
2.909406423568725586e-01
2.921067476272583008e-01
2.890232801437377930e-01
2.864080071449279785e-01
2.871687710285186768e-01
2.854731976985931396e-01
2.832366228103637695e-01
2.832268178462982178e-01
2.821227908134460449e-01
2.804208695888519287e-01
2.802455425262451172e-01
2.796212434768676758e-01
2.781635224819183350e-01
2.776632010936737061e-01
2.773607373237609863e-01
2.763393223285675049e-01
2.756465673446655273e-01
2.753742635250091553e-01
2.746922075748443604e-01
2.739611566066741943e-01
2.736400663852691650e-01
2.732519507408142090e-01
2.726236879825592041e-01
2.721700668334960938e-01
2.718607485294342041e-01
2.714153528213500977e-01
2.709341049194335938e-01
2.705838978290557861e-01
2.702374160289764404e-01
2.698100507259368896e-01
2.694186270236968994e-01
2.691146731376647949e-01
2.687965333461761475e-01
2.684337496757507324e-01
2.681010961532592773e-01
2.678306698799133301e-01
2.675567865371704102e-01
2.672700583934783936e-01
2.670148015022277832e-01
2.668351829051971436e-01
2.667392194271087646e-01
2.667884528636932373e-01
2.671434879302978516e-01
2.681154012680053711e-01
2.702748179435729980e-01
2.748447060585021973e-01
2.843867838382720947e-01
3.041808307170867920e-01
3.446531295776367188e-01
4.246713817119598389e-01
5.694342255592346191e-01
7.850567698478698730e-01
9.800188541412353516e-01
9.466209411621093750e-01
6.225126385688781738e-01
3.760488629341125488e-01
4.638793468475341797e-01
5.549583435058593750e-01
4.170068800449371338e-01
3.551445901393890381e-01
4.306421577930450439e-01
3.968786895275115967e-01
3.440083861351013184e-01
3.683335185050964355e-01
3.537182211875915527e-01
3.333312571048736572e-01
3.412990272045135498e-01
3.254765272140502930e-01
3.172968626022338867e-01
3.206506669521331787e-01
3.090879321098327637e-01
3.054462969303131104e-01
3.050936162471771240e-01
2.963443398475646973e-01
2.945059835910797119e-01
2.946192026138305664e-01
2.887551784515380859e-01
2.852300405502319336e-01
2.848722338676452637e-01
2.826748192310333252e-01
2.794930040836334229e-01
2.780927121639251709e-01
2.769550681114196777e-01
2.743926942348480225e-01
2.728288471698760986e-01
2.725918889045715332e-01
2.710918784141540527e-01
2.690551280975341797e-01
2.682215571403503418e-01
2.676526308059692383e-01
2.665240764617919922e-01
2.654743790626525879e-01
2.648427784442901611e-01
2.641058862209320068e-01
2.630441784858703613e-01
2.623522877693176270e-01
2.620862126350402832e-01
2.614014744758605957e-01
2.605303227901458740e-01
2.601495385169982910e-01
2.597554326057434082e-01
2.590121328830718994e-01
2.585190236568450928e-01
2.582473158836364746e-01
2.577359378337860107e-01
2.572326362133026123e-01
2.569652199745178223e-01
2.565990686416625977e-01
2.560803592205047607e-01
2.557068467140197754e-01
2.554419338703155518e-01
2.550567090511322021e-01
2.546446323394775391e-01
2.543438076972961426e-01
2.540709674358367920e-01
2.537572681903839111e-01
2.534413635730743408e-01
2.531554698944091797e-01
2.528825104236602783e-01
2.526100575923919678e-01
2.523308098316192627e-01
2.520664930343627930e-01
2.518404722213745117e-01
2.516496479511260986e-01
2.514974772930145264e-01
2.514322102069854736e-01
2.515317797660827637e-01
2.519164979457855225e-01
2.528491020202636719e-01
2.548297047615051270e-01
2.588710486888885498e-01
2.669420838356018066e-01
2.830715477466583252e-01
3.146696090698242188e-01
3.752321004867553711e-01
4.810144305229187012e-01
6.393157243728637695e-01
7.910150885581970215e-01
8.024728298187255859e-01
5.915407538414001465e-01
3.576506674289703369e-01
3.475677669048309326e-01
4.515624344348907471e-01
4.218019843101501465e-01
3.255163133144378662e-01
3.368170261383056641e-01
3.692735433578491211e-01
3.287327885627746582e-01
3.064308464527130127e-01
3.243118524551391602e-01
3.134239017963409424e-01
2.944052219390869141e-01
2.993774712085723877e-01
2.967522144317626953e-01
2.844088673591613770e-01
2.846145927906036377e-01
2.839130461215972900e-01
2.751521766185760498e-01
2.739228010177612305e-01
2.751902341842651367e-01
2.688203454017639160e-01
2.650912702083587646e-01
2.669509053230285645e-01
2.645604610443115234e-01
2.601550817489624023e-01
2.599812746047973633e-01
2.596439421176910400e-01
2.567502558231353760e-01
2.554404139518737793e-01
2.554041147232055664e-01
2.538273930549621582e-01
2.521117031574249268e-01
2.517113685607910156e-01
2.511852979660034180e-01
2.499683797359466553e-01
2.491025030612945557e-01
2.486681342124938965e-01
2.479113787412643433e-01
2.470136433839797974e-01
2.465978860855102539e-01
2.463143914937973022e-01
2.455614209175109863e-01
2.447766661643981934e-01
2.445236593484878540e-01
2.443022578954696655e-01
2.436216622591018677e-01
2.430285662412643433e-01
2.428829669952392578e-01
2.426509857177734375e-01
2.420646399259567261e-01
2.415560334920883179e-01
2.413513958454132080e-01
2.411492019891738892e-01
2.407863140106201172e-01
2.404095977544784546e-01
2.401415705680847168e-01
2.399455159902572632e-01
2.397733628749847412e-01
2.396445721387863159e-01
2.396527677774429321e-01
2.399639338254928589e-01
2.408021986484527588e-01
2.425873726606369019e-01
2.462509721517562866e-01
2.537546753883361816e-01
2.689190804958343506e-01
2.991419434547424316e-01
3.576203286647796631e-01
4.639374911785125732e-01
6.287159919738769531e-01
8.091524839401245117e-01
8.505315184593200684e-01
6.354980468750000000e-01
3.496240973472595215e-01
3.257111310958862305e-01
4.673571586608886719e-01
4.341191351413726807e-01
3.042525053024291992e-01
3.324633240699768066e-01
3.804938197135925293e-01
3.136051893234252930e-01
2.956419885158538818e-01
3.304013013839721680e-01
3.003976047039031982e-01
2.814334034919738770e-01
3.018355071544647217e-01
2.857922911643981934e-01
2.704362869262695312e-01
2.822685241699218750e-01
2.741327881813049316e-01
2.628909647464752197e-01
2.687402367591857910e-01
2.642571330070495605e-01
2.566576302051544189e-01
2.594022750854492188e-01
2.564802765846252441e-01
2.511743307113647461e-01
2.528809905052185059e-01
2.510512769222259521e-01
2.463542968034744263e-01
2.471154928207397461e-01
2.470091432332992554e-01
2.433684617280960083e-01
2.427476942539215088e-01
2.432161122560501099e-01
2.409170567989349365e-01
2.395119220018386841e-01
2.399253249168395996e-01
2.388935387134552002e-01
2.373279184103012085e-01
2.372245192527770996e-01
2.369788140058517456e-01
2.357269972562789917e-01
2.350025027990341187e-01
2.349346727132797241e-01
2.344002276659011841e-01
2.336041927337646484e-01
2.332329154014587402e-01
2.329690456390380859e-01
2.324538528919219971e-01
2.319895923137664795e-01
2.317105680704116821e-01
2.313346266746520996e-01
2.308437377214431763e-01
2.305134534835815430e-01
2.303171306848526001e-01
2.300035357475280762e-01
2.295885533094406128e-01
2.292824387550354004e-01
2.290825098752975464e-01
2.288285344839096069e-01
2.285032123327255249e-01
2.282300740480422974e-01
2.280496358871459961e-01
2.278923243284225464e-01
2.277387380599975586e-01
2.276708334684371948e-01
2.278081327676773071e-01
2.282396852970123291e-01
2.291528284549713135e-01
2.310177683830261230e-01
2.347916662693023682e-01
2.421425879001617432e-01
2.564121782779693604e-01
2.833621203899383545e-01
3.337227404117584229e-01
4.187948107719421387e-01
5.469999909400939941e-01
6.801283359527587891e-01
7.351773977279663086e-01
6.139616370201110840e-01
3.938919901847839355e-01
2.934762239456176758e-01
3.674433231353759766e-01
4.183734357357025146e-01
3.355016112327575684e-01
2.758136987686157227e-01
3.219060003757476807e-01
3.356086611747741699e-01
2.800553441047668457e-01
2.702777981758117676e-01
2.992394566535949707e-01
2.824893295764923096e-01
2.562291622161865234e-01
2.686423063278198242e-01
2.727118730545043945e-01
2.532465755939483643e-01
2.511286139488220215e-01
2.588859498500823975e-01
2.501281499862670898e-01
2.423086464405059814e-01
2.470309585332870483e-01
2.460106462240219116e-01
2.381982952356338501e-01
2.376948893070220947e-01
2.399881780147552490e-01
2.362516373395919800e-01
2.327362298965454102e-01
2.337968349456787109e-01
2.335024774074554443e-01
2.304031699895858765e-01
2.292598932981491089e-01
2.298529744148254395e-01
2.287082225084304810e-01
2.267746329307556152e-01
2.264692634344100952e-01
2.266055792570114136e-01
2.254838794469833374e-01
2.242435812950134277e-01
2.240815013647079468e-01
2.240045964717864990e-01
2.231134623289108276e-01
2.222412526607513428e-01
2.220955640077590942e-01
2.219956368207931519e-01
2.213267534971237183e-01
2.206166237592697144e-01
2.204313576221466064e-01
2.203803807497024536e-01
2.199411690235137939e-01
2.193359583616256714e-01
2.190323919057846069e-01
2.189517915248870850e-01
2.187325507402420044e-01
2.183542549610137939e-01
2.180631756782531738e-01
2.179545462131500244e-01
2.179230749607086182e-01
2.179285734891891479e-01
2.181210517883300781e-01
2.187092751264572144e-01
2.199573665857315063e-01
2.223773598670959473e-01
2.270087599754333496e-01
2.358260005712509155e-01
2.524907290935516357e-01
2.833594679832458496e-01
3.385534286499023438e-01
4.285000264644622803e-01
5.510801076889038086e-01
6.592198014259338379e-01
6.578335762023925781e-01
4.981948435306549072e-01
3.094932138919830322e-01
2.764709591865539551e-01
3.658917844295501709e-01
3.794685602188110352e-01
2.911457121372222900e-01
2.611992657184600830e-01
3.083340525627136230e-01
3.051253855228424072e-01
2.580865323543548584e-01
2.590430676937103271e-01
2.789697349071502686e-01
2.608845233917236328e-01
2.433851212263107300e-01
2.532235085964202881e-01
2.543261945247650146e-01
2.405713200569152832e-01
2.378488928079605103e-01
2.412434518337249756e-01
2.366354316473007202e-01
2.321384847164154053e-01
2.326996326446533203e-01
2.309255450963973999e-01
2.270926237106323242e-01
2.262977510690689087e-01
2.262883931398391724e-01
2.241305261850357056e-01
2.221641093492507935e-01
2.216797620058059692e-01
2.209925204515457153e-01
2.196777015924453735e-01
2.186488062143325806e-01
2.178573310375213623e-01
2.170286029577255249e-01
2.164622396230697632e-01
2.160307466983795166e-01
2.152917385101318359e-01
2.144650518894195557e-01
2.139876186847686768e-01
2.136531621217727661e-01
2.130981087684631348e-01
2.124787420034408569e-01
2.120626121759414673e-01
2.117497175931930542e-01
2.113596200942993164e-01
2.109461575746536255e-01
2.106089144945144653e-01
2.103009968996047974e-01
2.099740803241729736e-01
2.096717804670333862e-01
2.094232439994812012e-01
2.092001885175704956e-01
2.089968919754028320e-01
2.088718116283416748e-01
2.088882327079772949e-01
2.091379463672637939e-01
2.098203152418136597e-01
2.113466709852218628e-01
2.144583761692047119e-01
2.206956297159194946e-01
2.330761551856994629e-01
2.577526569366455078e-01
3.052402734756469727e-01
3.930208683013916016e-01
5.326287746429443359e-01
7.056999206542968750e-01
7.898440361022949219e-01
6.555608510971069336e-01
3.800964653491973877e-01
2.787678837776184082e-01
3.951517045497894287e-01
4.191315472126007080e-01
2.954915463924407959e-01
2.786409556865692139e-01
3.422639071941375732e-01
3.019756972789764404e-01
2.573092281818389893e-01
2.883304655551910400e-01
2.808141708374023438e-01
2.503204643726348877e-01
2.627111673355102539e-01
2.606405615806579590e-01
2.409679889678955078e-01
2.460201978683471680e-01
2.463710904121398926e-01
2.340909391641616821e-01
2.347169369459152222e-01
2.348675727844238281e-01
2.275109440088272095e-01
2.270004004240036011e-01
2.271180152893066406e-01
2.221491187810897827e-01
2.207354158163070679e-01
2.209480553865432739e-01
2.178901731967926025e-01
2.161972373723983765e-01
2.163319140672683716e-01
2.145089507102966309e-01
2.126692235469818115e-01
2.124632298946380615e-01
2.116003781557083130e-01
2.101470530033111572e-01
2.096655815839767456e-01
2.092153131961822510e-01
2.080780118703842163e-01
2.073170244693756104e-01
2.070478349924087524e-01
2.064678072929382324e-01
2.057084441184997559e-01
2.052524834871292114e-01
2.049209028482437134e-01
2.044306397438049316e-01
2.039121240377426147e-01
2.035280466079711914e-01
2.032058984041213989e-01
2.028287351131439209e-01
2.024097293615341187e-01
2.020601630210876465e-01
2.017977982759475708e-01
2.015345096588134766e-01
2.012170553207397461e-01
2.009144425392150879e-01
2.006788253784179688e-01
2.004439532756805420e-01
2.001502066850662231e-01
1.998613029718399048e-01
1.996476352214813232e-01
1.994522958993911743e-01
1.992183774709701538e-01
1.989978104829788208e-01
1.988447010517120361e-01
1.987200230360031128e-01
1.985968053340911865e-01
1.985577940940856934e-01
1.987153887748718262e-01
1.991536915302276611e-01
2.000632584095001221e-01
2.019477337598800659e-01
2.057427018880844116e-01
2.132502347230911255e-01
2.278631031513214111e-01
2.561213970184326172e-01
3.079705238342285156e-01
3.965318799018859863e-01
5.191463232040405273e-01
6.415916085243225098e-01
6.661197543144226074e-01
5.413682460784912109e-01
3.499004840850830078e-01
2.825066149234771729e-01
3.519720733165740967e-01
3.745770156383514404e-01
2.922211885452270508e-01
2.516227960586547852e-01
2.962967753410339355e-01
2.989482879638671875e-01
2.499042004346847534e-01
2.472569346427917480e-01
2.664346396923065186e-01
2.475927025079727173e-01
2.319393157958984375e-01
2.426732927560806274e-01
2.394110411405563354e-01
2.240038514137268066e-01
2.251419126987457275e-01
2.288904041051864624e-01
2.205060720443725586e-01
2.160636186599731445e-01
2.188818454742431641e-01
2.158197462558746338e-01
2.102033197879791260e-01
2.107035666704177856e-01
2.114620357751846313e-01
2.077789306640625000e-01
2.053475081920623779e-01
2.060684561729431152e-01
2.051283866167068481e-01
2.023491412401199341e-01
2.016133815050125122e-01
2.022311091423034668e-01
2.012029886245727539e-01
1.992940753698348999e-01
1.986765265464782715e-01
1.987152099609375000e-01
1.979833394289016724e-01
1.969494223594665527e-01
1.965456157922744751e-01
1.964367479085922241e-01
1.959548294544219971e-01
1.952184438705444336e-01
1.946891993284225464e-01
1.943971067667007446e-01
1.940733343362808228e-01
1.936501860618591309e-01
1.932732909917831421e-01
1.930097341537475586e-01
1.927718222141265869e-01
1.924866139888763428e-01
1.921827793121337891e-01
1.919216513633728027e-01
1.917129456996917725e-01
1.915233731269836426e-01
1.913265734910964966e-01
1.911591589450836182e-01
1.910984516143798828e-01
1.911852210760116577e-01
1.914238035678863525e-01
1.919047683477401733e-01
1.928970515727996826e-01
1.948701143264770508e-01
1.985477060079574585e-01
2.052891552448272705e-01
2.176047116518020630e-01
2.402142584323883057e-01
2.803332209587097168e-01
3.485004901885986328e-01
4.492111802101135254e-01
5.666164159774780273e-01
6.271952986717224121e-01
5.464822053909301758e-01
3.486844301223754883e-01
2.254650443792343140e-01
2.806343734264373779e-01
3.613708317279815674e-01
3.091870248317718506e-01
2.228242456912994385e-01
2.459948807954788208e-01
2.916125655174255371e-01
2.523306906223297119e-01
2.142567485570907593e-01
2.407914847135543823e-01
2.502135634422302246e-01
2.177455574274063110e-01
2.126320600509643555e-01
2.312631458044052124e-01
2.220384329557418823e-01
2.043846845626831055e-01
2.109614908695220947e-01
2.168404459953308105e-01
2.055256664752960205e-01
2.004724740982055664e-01
2.065881192684173584e-01
2.049969881772994995e-01
1.974223405122756958e-01
1.975156068801879883e-01
2.005999535322189331e-01
1.974960267543792725e-01
1.934963762760162354e-01
1.944989711046218872e-01
1.956216841936111450e-01
1.930723041296005249e-01
1.908156275749206543e-01
1.913593262434005737e-01
1.917427331209182739e-01
1.902534812688827515e-01
1.889593899250030518e-01
1.890313178300857544e-01
1.890693008899688721e-01
1.881982088088989258e-01
1.873314380645751953e-01
1.871222555637359619e-01
1.870236843824386597e-01
1.865261197090148926e-01
1.859287470579147339e-01
1.856248825788497925e-01
1.854804009199142456e-01
1.851991415023803711e-01
1.848017871379852295e-01
1.844989657402038574e-01
1.843388527631759644e-01
1.841780245304107666e-01
1.839201301336288452e-01
1.836457848548889160e-01
1.834812909364700317e-01
1.834627240896224976e-01
1.835449486970901489e-01
1.837283521890640259e-01
1.841780096292495728e-01
1.852319836616516113e-01
1.874315589666366577e-01
1.917173117399215698e-01
1.999217867851257324e-01
2.157021611928939819e-01
2.456449419260025024e-01
3.006668686866760254e-01
3.931036293506622314e-01
5.233696699142456055e-01
6.433529853820800781e-01
6.481138467788696289e-01
4.840082228183746338e-01
2.963535189628601074e-01
2.768966257572174072e-01
3.581210076808929443e-01
3.381159305572509766e-01
2.506923675537109375e-01
2.522662580013275146e-01
2.906943559646606445e-01
2.622595727443695068e-01
2.309622466564178467e-01
2.433332949876785278e-01
2.421256750822067261e-01
2.247442156076431274e-01
2.256070822477340698e-01
2.258341014385223389e-01
2.145888209342956543e-01
2.119872868061065674e-01
2.136962711811065674e-01
2.079286277294158936e-01
2.039410322904586792e-01
2.044551521539688110e-01
2.013422846794128418e-01
1.974082887172698975e-01
1.973146051168441772e-01
1.966199427843093872e-01
1.937581300735473633e-01
1.922085583209991455e-01
1.915558725595474243e-01
1.900677680969238281e-01
1.888958066701889038e-01
1.883175075054168701e-01
1.871966719627380371e-01
1.860599815845489502e-01
1.856097728013992310e-01
1.849694848060607910e-01
1.839127689599990845e-01
1.833042353391647339e-01
1.830493807792663574e-01
1.824325472116470337e-01
1.816719770431518555e-01
1.812788844108581543e-01
1.810140460729598999e-01
1.805494725704193115e-01
1.800285279750823975e-01
1.796305328607559204e-01
1.793004572391510010e-01
1.789899021387100220e-01
1.786970496177673340e-01
1.784050166606903076e-01
1.781190633773803711e-01
1.778639853000640869e-01
1.776176840066909790e-01
1.773479729890823364e-01
1.770994514226913452e-01
1.769319176673889160e-01
1.768144518136978149e-01
1.766638308763504028e-01
1.764981299638748169e-01
1.764377802610397339e-01
1.765581518411636353e-01
1.768616735935211182e-01
1.774062812328338623e-01
1.784705966711044312e-01
1.805289387702941895e-01
1.843776106834411621e-01
1.913400441408157349e-01
2.040635049343109131e-01
2.266951948404312134e-01
2.664301693439483643e-01
3.292353749275207520e-01
4.178452789783477783e-01
5.045129060745239258e-01
5.386388301849365234e-01
4.648679196834564209e-01
3.279111087322235107e-01
2.462846487760543823e-01
2.689498066902160645e-01
3.050552606582641602e-01
2.726071178913116455e-01
2.249758541584014893e-01
2.301941663026809692e-01
2.514050006866455078e-01
2.365934252738952637e-01
2.119156718254089355e-01
2.130310535430908203e-01
2.200161069631576538e-01
2.115110009908676147e-01
2.024880051612854004e-01
2.034403383731842041e-01
2.030556648969650269e-01
1.970700919628143311e-01
1.936686187982559204e-01
1.940184235572814941e-01
1.924628615379333496e-01
1.892706304788589478e-01
1.878979802131652832e-01
1.872444003820419312e-01
1.851112842559814453e-01
1.830538064241409302e-01
1.826867163181304932e-01
1.825167089700698853e-01
1.811939030885696411e-01
1.796845644712448120e-01
1.788926720619201660e-01
1.782916486263275146e-01
1.774990707635879517e-01
1.768910586833953857e-01
1.764746606349945068e-01
1.758664697408676147e-01
1.751438528299331665e-01
1.746691614389419556e-01
1.743690669536590576e-01
1.739262342453002930e-01
1.733705848455429077e-01
1.729716658592224121e-01
1.727285236120223999e-01
1.724394559860229492e-01
1.720684170722961426e-01
1.717624366283416748e-01
1.715610772371292114e-01
1.713461577892303467e-01
1.710709929466247559e-01
1.708606779575347900e-01
1.708133816719055176e-01
1.708783656358718872e-01
1.710123419761657715e-01
1.713747531175613403e-01
1.723227202892303467e-01
1.743763685226440430e-01
1.783962547779083252e-01
1.861023902893066406e-01
2.009959518909454346e-01
2.293112725019454956e-01
2.818826735019683838e-01
3.710097670555114746e-01
5.015455484390258789e-01
6.279918551445007324e-01
6.468086838722229004e-01
4.790962040424346924e-01
2.691096365451812744e-01
2.403830438852310181e-01
3.416119217872619629e-01
3.366641402244567871e-01
2.351570129394531250e-01
2.302287667989730835e-01
2.820679843425750732e-01
2.507647573947906494e-01
2.090816795825958252e-01
2.319607883691787720e-01
2.364164292812347412e-01
2.060417532920837402e-01
2.072280198335647583e-01
2.185117304325103760e-01
2.023561894893646240e-01
1.934137344360351562e-01
2.022641897201538086e-01
1.982119530439376831e-01
1.876868605613708496e-01
1.897768527269363403e-01
1.912510395050048828e-01
1.845618039369583130e-01
1.824515312910079956e-01
1.845159977674484253e-01
1.816381961107254028e-01
1.780170202255249023e-01
1.787448078393936157e-01
1.787147819995880127e-01
1.757848858833312988e-01
1.744336932897567749e-01
1.749811172485351562e-01
1.741113364696502686e-01
1.723751723766326904e-01
1.719435900449752808e-01
1.719397157430648804e-01
1.709696948528289795e-01
1.699208915233612061e-01
1.697028875350952148e-01
1.695688217878341675e-01
1.688783764839172363e-01
1.682142615318298340e-01
1.680095940828323364e-01
1.678229421377182007e-01
1.673088073730468750e-01
1.667768061161041260e-01
1.665350198745727539e-01
1.663924455642700195e-01
1.660816371440887451e-01
1.656872034072875977e-01
1.654369831085205078e-01
1.653169393539428711e-01
1.651223450899124146e-01
1.648122668266296387e-01
1.645387262105941772e-01
1.643942743539810181e-01
1.642746627330780029e-01
1.640925258398056030e-01
1.639051139354705811e-01
1.638088226318359375e-01
1.637925207614898682e-01
1.638032644987106323e-01
1.638821214437484741e-01
1.641706228256225586e-01
1.648269742727279663e-01
1.660515218973159790e-01
1.682465225458145142e-01
1.722504645586013794e-01
1.795774996280670166e-01
1.929241865873336792e-01
2.168323844671249390e-01
2.585930824279785156e-01
3.264883756637573242e-01
4.227537512779235840e-01
5.215411782264709473e-01
5.544812679290771484e-01
4.556386470794677734e-01
2.817874550819396973e-01
2.000672519207000732e-01
2.617431282997131348e-01
3.189472258090972900e-01
2.628234326839447021e-01
1.940532177686691284e-01
2.157876789569854736e-01
2.516000568866729736e-01
2.224620282649993896e-01
1.900526285171508789e-01
2.049328833818435669e-01
2.151198387145996094e-01
1.942012161016464233e-01
1.846537142992019653e-01
1.953379958868026733e-01
1.940240412950515747e-01
1.816923171281814575e-01
1.802808791399002075e-01
1.842678338289260864e-01
1.801710575819015503e-01
1.748510003089904785e-01
1.759553402662277222e-01
1.767114251852035522e-01
1.729575544595718384e-01
1.703720241785049438e-01
1.709895581007003784e-01
1.705717444419860840e-01
1.683462709188461304e-01
1.673029512166976929e-01
1.675581485033035278e-01
1.668563932180404663e-01
1.653412431478500366e-01
1.646794825792312622e-01
1.646871119737625122e-01
1.641333252191543579e-01
1.631584614515304565e-01
1.626627296209335327e-01
1.625645607709884644e-01
1.621655523777008057e-01
1.615035682916641235e-01
1.611386537551879883e-01
1.610957682132720947e-01
1.609039455652236938e-01
1.604460179805755615e-01
1.600724011659622192e-01
1.599866300821304321e-01
1.599746048450469971e-01
1.598260700702667236e-01
1.596625447273254395e-01
1.597188115119934082e-01
1.600725501775741577e-01
1.607044488191604614e-01
1.617838889360427856e-01
1.637638211250305176e-01
1.673620045185089111e-01
1.737473458051681519e-01
1.849335879087448120e-01
2.045996040105819702e-01
2.381940186023712158e-01
2.932539284229278564e-01
3.727237582206726074e-01
4.660630524158477783e-01
5.223004221916198730e-01
4.788026213645935059e-01
3.299434185028076172e-01
2.041293084621429443e-01
2.138524800539016724e-01
2.928632199764251709e-01
2.906951308250427246e-01
2.081274986267089844e-01
1.798678487539291382e-01
2.281213402748107910e-01
2.420753985643386841e-01
1.958791911602020264e-01
1.767526268959045410e-01
2.030128687620162964e-01
2.072632908821105957e-01
1.802309006452560425e-01
1.738578081130981445e-01
1.899426132440567017e-01
1.885047405958175659e-01
1.717328429222106934e-01
1.696973592042922974e-01
1.784729212522506714e-01
1.759392619132995605e-01
1.665652543306350708e-01
1.665292382240295410e-01
1.714094281196594238e-01
1.689701080322265625e-01
1.628134846687316895e-01
1.624167859554290771e-01
1.653931885957717896e-01
1.644378900527954102e-01
1.607766151428222656e-01
1.599400788545608521e-01
1.615179181098937988e-01
1.612785756587982178e-01
1.589594036340713501e-01
1.577319949865341187e-01
1.584060192108154297e-01
1.587477624416351318e-01
1.576263606548309326e-01
1.564439833164215088e-01
1.564246863126754761e-01
1.568483114242553711e-01
1.565424352884292603e-01
1.556732207536697388e-01
1.552131921052932739e-01
1.554172933101654053e-01
1.556592732667922974e-01
1.554835587739944458e-01
1.552006751298904419e-01
1.553609669208526611e-01
1.560966670513153076e-01
1.572305262088775635e-01
1.588489264249801636e-01
1.616336703300476074e-01
1.667208969593048096e-01
1.757146716117858887e-01
1.908416897058486938e-01
2.157076597213745117e-01
2.538462877273559570e-01
3.074704110622406006e-01
3.667318224906921387e-01
4.100496172904968262e-01
4.013841748237609863e-01
3.337506949901580811e-01
2.463168948888778687e-01
2.021987289190292358e-01
2.156744152307510376e-01
2.385687530040740967e-01
2.283369451761245728e-01
1.978278160095214844e-01
1.856374144554138184e-01
1.959967911243438721e-01
2.013431787490844727e-01
1.895047277212142944e-01
1.765156090259552002e-01
1.765087246894836426e-01
1.815216541290283203e-01
1.789169311523437500e-01
1.709510982036590576e-01
1.673296988010406494e-01
1.693187355995178223e-01
1.701333969831466675e-01
1.666158586740493774e-01
1.625811904668807983e-01
1.615949869155883789e-01
1.624834388494491577e-01
1.622885763645172119e-01
1.603354513645172119e-01
1.582508832216262817e-01
1.573269814252853394e-01
1.572932004928588867e-01
1.571262329816818237e-01
1.562758088111877441e-01
1.551036387681961060e-01
1.542788743972778320e-01
1.540299504995346069e-01
1.540044844150543213e-01
1.537316590547561646e-01
1.531410366296768188e-01
1.525350511074066162e-01
1.522195637226104736e-01
1.522174030542373657e-01
1.523282229900360107e-01
1.523758471012115479e-01
1.524058729410171509e-01
1.526480168104171753e-01
1.533855497837066650e-01
1.548571884632110596e-01
1.573527306318283081e-01
1.615272909402847290e-01
1.686608344316482544e-01
1.810599863529205322e-01
2.020967602729797363e-01
2.366199940443038940e-01
2.886729538440704346e-01
3.576502799987792969e-01
4.234578609466552734e-01
4.452278614044189453e-01
3.795419931411743164e-01
2.571024298667907715e-01
1.778565198183059692e-01
1.995785832405090332e-01
2.552425265312194824e-01
2.480708807706832886e-01
1.905720084905624390e-01
1.690602153539657593e-01
1.985920071601867676e-01
2.124998718500137329e-01
1.853622943162918091e-01
1.647722572088241577e-01
1.764998584985733032e-01
1.874327361583709717e-01
1.747314482927322388e-01
1.610340327024459839e-01
1.655371189117431641e-01
1.729783713817596436e-01
1.672684252262115479e-01
1.579449176788330078e-01
1.582715958356857300e-01
1.629929542541503906e-01
1.615049988031387329e-01
1.557919383049011230e-01
1.539973318576812744e-01
1.562492400407791138e-01
1.566104143857955933e-01
1.536834985017776489e-01
1.515041887760162354e-01
1.521000117063522339e-01
1.529921889305114746e-01
1.519206762313842773e-01
1.500402837991714478e-01
1.494347900152206421e-01
1.499561071395874023e-01
1.499840021133422852e-01
1.490280330181121826e-01
1.481152921915054321e-01
1.480506807565689087e-01
1.483930796384811401e-01
1.483226120471954346e-01
1.477986276149749756e-01
1.474792361259460449e-01
1.478390842676162720e-01
1.487548351287841797e-01
1.499568670988082886e-01
1.516897678375244141e-01
1.548868566751480103e-01
1.610461175441741943e-01
1.723078936338424683e-01
1.920166462659835815e-01
2.255599945783615112e-01
2.793508470058441162e-01
3.564274907112121582e-01
4.408740401268005371e-01
4.851383566856384277e-01
4.294612109661102295e-01
2.883299887180328369e-01
1.822535395622253418e-01
1.984547525644302368e-01
2.643315196037292480e-01
2.580484151840209961e-01
1.937211304903030396e-01
1.743231713771820068e-01
2.068813890218734741e-01
2.131668627262115479e-01
1.814100891351699829e-01
1.686079353094100952e-01
1.838248968124389648e-01
1.859030127525329590e-01
1.694110184907913208e-01
1.632739603519439697e-01
1.703151613473892212e-01
1.704295277595520020e-01
1.618492603302001953e-01
1.581824272871017456e-01
1.606821864843368530e-01
1.603387892246246338e-01
1.563359349966049194e-01
1.544315218925476074e-01
1.550321131944656372e-01
1.542352885007858276e-01
1.518121808767318726e-01
1.506178379058837891e-01
1.509190648794174194e-01
1.504750847816467285e-01
1.488628238439559937e-01
1.478181779384613037e-01
1.479549109935760498e-01
1.479082703590393066e-01
1.468210518360137939e-01
1.456510722637176514e-01
1.454531699419021606e-01
1.457577198743820190e-01
1.454893648624420166e-01
1.446013599634170532e-01
1.439537256956100464e-01
1.439467072486877441e-01
1.440513283014297485e-01
1.437180936336517334e-01
1.431215852499008179e-01
1.427864283323287964e-01
1.428423523902893066e-01
1.429782658815383911e-01
1.429449915885925293e-01
1.428737789392471313e-01
1.430841237306594849e-01
1.438103020191192627e-01
1.451860517263412476e-01
1.475264728069305420e-01
1.516143679618835449e-01
1.590285301208496094e-01
1.725006252527236938e-01
1.966984719038009644e-01
2.386222779750823975e-01
3.072890341281890869e-01
4.045349657535552979e-01
5.088354945182800293e-01
5.453576445579528809e-01
4.425235390663146973e-01
2.501877248287200928e-01
1.621919125318527222e-01
2.414827644824981689e-01
3.099246919155120850e-01
2.387939542531967163e-01
1.589789092540740967e-01
1.977848261594772339e-01
2.440804690122604370e-01
1.969133913516998291e-01
1.560312807559967041e-01
1.880104243755340576e-01
2.033642679452896118e-01
1.675760746002197266e-01
1.568847149610519409e-01
1.805259883403778076e-01
1.771524995565414429e-01
1.534648686647415161e-01
1.558347195386886597e-01
1.693506240844726562e-01
1.612536311149597168e-01
1.489209830760955811e-01
1.539717763662338257e-01
1.595306545495986938e-01
1.518596708774566650e-01
1.458177715539932251e-01
1.501485109329223633e-01
1.526018977165222168e-01
1.474373489618301392e-01
1.442060172557830811e-01
1.467379927635192871e-01
1.477072834968566895e-01
1.444005370140075684e-01
1.423478126525878906e-01
1.437520384788513184e-01
1.444733738899230957e-01
1.425507813692092896e-01
1.409792602062225342e-01
1.415683478116989136e-01
1.422484368085861206e-01
1.413061618804931641e-01
1.400134712457656860e-01
1.399485319852828979e-01
1.404868066310882568e-01
1.402579694986343384e-01
1.393694281578063965e-01
1.388932913541793823e-01
1.390864402055740356e-01
1.392336189746856689e-01
1.388895958662033081e-01
1.384344398975372314e-01
1.383739709854125977e-01
1.386442631483078003e-01
1.388887912034988403e-01
1.390680670738220215e-01
1.395617574453353882e-01
1.407967805862426758e-01
1.430757641792297363e-01
1.469088196754455566e-01
1.534812599420547485e-01
1.651039123535156250e-01
1.853592842817306519e-01
2.196296006441116333e-01
2.733169794082641602e-01
3.479181826114654541e-01
4.247761666774749756e-01
4.580653607845306396e-01
3.934407532215118408e-01
2.561442553997039795e-01
1.629448980093002319e-01
1.881526559591293335e-01
2.545666396617889404e-01
2.460619807243347168e-01
1.798452883958816528e-01
1.592498421669006348e-01
1.943689584732055664e-01
2.045436650514602661e-01
1.714738607406616211e-01
1.554341316223144531e-01
1.729448139667510986e-01
1.787983030080795288e-01
1.597811430692672729e-01
1.501676887273788452e-01
1.602303087711334229e-01
1.638901829719543457e-01
1.528199762105941772e-01
1.463862657546997070e-01
1.515225321054458618e-01
1.539995521306991577e-01
1.477686911821365356e-01
1.431179493665695190e-01
1.454535722732543945e-01
1.475356072187423706e-01
1.443429738283157349e-01
1.406565457582473755e-01
1.410837471485137939e-01
1.428795754909515381e-01
1.419632732868194580e-01
1.394190341234207153e-01
1.385391056537628174e-01
1.393944025039672852e-01
1.395690739154815674e-01
1.382622271776199341e-01
1.369950771331787109e-01
1.368830800056457520e-01
1.372325420379638672e-01
1.369674354791641235e-01
1.361589580774307251e-01
1.356025040149688721e-01
1.355832815170288086e-01
1.356539577245712280e-01
1.354046761989593506e-01
1.349550783634185791e-01
1.346706300973892212e-01
1.346674561500549316e-01
1.347637176513671875e-01
1.347987353801727295e-01
1.348586529493331909e-01
1.351944506168365479e-01
1.360527724027633667e-01
1.376686841249465942e-01
1.404793113470077515e-01
1.454687565565109253e-01
1.544765979051589966e-01
1.708229333162307739e-01
1.996289789676666260e-01
2.485609650611877441e-01
3.234429061412811279e-01
4.192728996276855469e-01
4.942614734172821045e-01
4.767841994762420654e-01
3.383304476737976074e-01
1.911414265632629395e-01
1.773886382579803467e-01
2.575645148754119873e-01
2.699663937091827393e-01
1.922084838151931763e-01
1.589140892028808594e-01
2.031719833612442017e-01
2.163178473711013794e-01
1.723165959119796753e-01
1.557854861021041870e-01
1.799175441265106201e-01
1.807833313941955566e-01
1.567026227712631226e-01
1.541343033313751221e-01
1.666318923234939575e-01
1.612130105495452881e-01
1.478443145751953125e-01
1.490321457386016846e-01
1.546722054481506348e-01
1.500607430934906006e-01
1.439016759395599365e-01
1.451734155416488647e-01
1.466675847768783569e-01
1.429843008518218994e-01
1.399614065885543823e-01
1.409674733877182007e-01
1.414914727210998535e-01
1.392093151807785034e-01
1.373820453882217407e-01
1.376799494028091431e-01
1.378090828657150269e-01
1.365307420492172241e-01
1.354138553142547607e-01
1.353873312473297119e-01
1.353530585765838623e-01
1.345301568508148193e-01
1.336394250392913818e-01
1.333882361650466919e-01
1.333977729082107544e-01
1.330787092447280884e-01
1.325497478246688843e-01
1.322268098592758179e-01
1.321300864219665527e-01
1.319863647222518921e-01
1.316990703344345093e-01
1.314197927713394165e-01
1.312450915575027466e-01
1.311261206865310669e-01
1.310044527053833008e-01
1.309089958667755127e-01
1.308916956186294556e-01
1.309553384780883789e-01
1.311181485652923584e-01
1.314819455146789551e-01
1.322207003831863403e-01
1.335589885711669922e-01
1.358563899993896484e-01
1.398036181926727295e-01
1.466675549745559692e-01
1.585684418678283691e-01
1.789263337850570679e-01
2.124784886837005615e-01
2.644309103488922119e-01
3.342914879322052002e-01
4.056120812892913818e-01
4.337975382804870605e-01
3.750464022159576416e-01
2.504413425922393799e-01
1.663732081651687622e-01
1.889291405677795410e-01
2.482139766216278076e-01
2.370003163814544678e-01
1.701061427593231201e-01
1.486324518918991089e-01
1.864711344242095947e-01
2.014930993318557739e-01
1.669214963912963867e-01
1.445945799350738525e-01
1.622063666582107544e-01
1.739991903305053711e-01
1.554672718048095703e-01
1.402585208415985107e-01
1.493991613388061523e-01
1.582155823707580566e-01
1.487130671739578247e-01
1.381318271160125732e-01
1.414179652929306030e-01
1.470717489719390869e-01
1.426264047622680664e-01
1.353740394115447998e-01
1.357118040323257446e-01
1.397464275360107422e-01
1.389500647783279419e-01
1.345089823007583618e-01
1.329309791326522827e-01
1.347171366214752197e-01
1.351883262395858765e-01
1.328275352716445923e-01
1.307368278503417969e-01
1.310026943683624268e-01
1.319934129714965820e-01
1.315976381301879883e-01
1.302233636379241943e-01
1.295407712459564209e-01
1.298987865447998047e-01
1.302192509174346924e-01
