1.833573579788208008e-01
1.760812699794769287e-01
1.713558733463287354e-01
1.676526516675949097e-01
1.642781198024749756e-01
1.610966324806213379e-01
1.582917571067810059e-01
1.557732075452804565e-01
1.532666832208633423e-01
1.507062315940856934e-01
1.482338756322860718e-01
1.458919793367385864e-01
1.435153037309646606e-01
1.410529911518096924e-01
1.386014968156814575e-01
1.361554861068725586e-01
1.336592882871627808e-01
1.311053484678268433e-01
1.283975988626480103e-01
1.255853325128555298e-01
1.226722374558448792e-01
1.195664778351783752e-01
1.163007691502571106e-01
1.129373461008071899e-01
1.095184460282325745e-01
1.060257777571678162e-01
1.025049015879631042e-01
9.899491816759109497e-02
9.553002566099166870e-02
9.215048700571060181e-02
8.882383257150650024e-02
8.563409000635147095e-02
8.264259248971939087e-02
7.978485524654388428e-02
7.715837657451629639e-02
7.484060525894165039e-02
7.299435883760452271e-02
7.132642716169357300e-02
6.895630806684494019e-02
6.712241470813751221e-02
6.599861383438110352e-02
6.407278031110763550e-02
6.286701560020446777e-02
6.156160309910774231e-02
6.018120795488357544e-02
5.918040871620178223e-02
5.787302553653717041e-02
5.691548436880111694e-02
5.577750131487846375e-02
5.484303832054138184e-02
5.385681614279747009e-02
5.292248353362083435e-02
5.203435942530632019e-02
5.111822858452796936e-02
5.033711716532707214e-02
4.947977885603904724e-02
4.873278737068176270e-02
4.800994694232940674e-02
4.734802991151809692e-02
4.678830504417419434e-02
4.616494849324226379e-02
4.541083052754402161e-02
4.474570974707603455e-02
4.419060051441192627e-02
4.354917630553245544e-02
4.290406405925750732e-02
4.239939153194427490e-02
4.180620238184928894e-02
4.116756469011306763e-02
4.069894924759864807e-02
4.016305878758430481e-02
3.967266902327537537e-02
3.917670994997024536e-02
3.864779695868492126e-02
3.818875923752784729e-02
3.772363439202308655e-02
3.725662082433700562e-02
3.679053857922554016e-02
3.635684400796890259e-02
3.591828048229217529e-02
3.547617793083190918e-02
3.507879003882408142e-02
3.467108309268951416e-02
3.425750881433486938e-02
3.385034576058387756e-02
3.347108140587806702e-02
3.311568498611450195e-02
3.276532143354415894e-02
3.243100270628929138e-02
3.211794421076774597e-02
3.179315105080604553e-02
3.145971521735191345e-02
3.115429170429706573e-02
3.078929893672466278e-02
3.042617812752723694e-02
3.011619113385677338e-02
2.975653484463691711e-02
2.942213788628578186e-02
2.912770397961139679e-02
2.880082651972770691e-02
